515.7
508.95
511.4
511.7
510.9
509.6
509.171
511.1
511.722
513.77
511.564
510.642
509.046
510.014
508.607
508.737
509.124
507.411
508.916
508.52
508.633
508.209
508.296
507.4
508.04
508.242
508.822
508.136
507.324
507.283
507.542
507.284
506.439
506.065
505.357
505.067
505.003
505.397
504.754
503.92
503.5
503.976
503.884
503.539
503.88
503.902
504.087
503.971
504.035
504.2
504.329
503.756
503.787
503.776
503.789
503.954
503.74
503.8
503.717
503.673
503.139
503.15
503.443
503.562
503.246
503.302
503.124
502.747
502.454
502.523
502.468
502.658
502.667
502.601
502.548
502.621
502.565
502.644
502.291
502.299
502.035
501.815
502.166
502.348
502.238
502.452
502.792
502.519
502.639
502.547
502.792
502.782
502.748
502.464
502.253
502.588
502.444
502.354
502.498
502.749
502.494
502.664
502.875
502.774
502.76
502.939
502.687
502.544
502.746
502.571
502.777
502.68
502.49
502.207
501.989
501.977
502.058
501.842
501.818
501.813
502.044
502.066
502.255
502.184
502.288
502.067
502.054
502.035
501.97
501.952
501.863
501.939
502.029
502.033
502.048
502.066
502.013
502.08
502.077
501.981
501.909
502.042
502.022
501.957
501.886
502.042
502.072
502.164
502.234
502.227
502.307
502.439
502.239
502.302
502.274
502.177
502.197
502.162
502.197
502.149
502.194
502.16
502.231
502.235
502.048
502.099
502.261
502.102
502.005
502.054
502.154
502.267
502.116
502.126
502.133
502.196
502.029
502.121
502.02
501.988
502.126
502.106
502.063
501.967
502.035
501.951
501.929
502.001
502.154
502.052
501.972
501.939
501.921
501.956
501.941
501.999
501.966
502.01
502.11
502.052
