186.254
93.138
129.756
125.129
106.482
88.9181
79.1698
132.822
141.903
218.6
213.051
195.498
191.82
208.276
205.923
197.727
196.419
216.85
266.091
252.842
244.53
233.759
226.482
226.738
235.897
231.69
240.787
237.726
240.031
232.576
230.735
223.761
232.53
227.743
233.541
228.475
222.311
224.937
231.302
249.009
248.685
253.716
247.913
246.331
247.164
241.968
239.186
234.466
230.201
227.697
224.733
235.01
230.787
226.538
222.528
220.694
218.667
215.353
211.872
208.356
220.646
217.136
219.755
217.6
219.837
216.862
215.319
221.018
223.355
220.558
217.619
217.377
214.42
211.767
209.102
206.832
204.329
202.276
209.117
206.512
209.486
210.906
218.46
218.664
217.055
218.575
226.371
229.943
228.756
226.882
230.125
227.624
225.236
230.06
231.704
240.19
239.552
237.837
237.572
241.723
245.544
246.225
248.683
247.187
244.839
246.171
250.213
249.912
252.242
253.078
255.751
254.387
255.984
262.639
265.769
263.496
262.007
265.32
263.168
260.98
265.14
263.029
265.284
263.749
263.022
266.959
264.881
262.855
261.371
259.403
258.477
257.239
256.378
254.466
252.613
250.799
249.352
248.152
246.368
245.881
244.883
245.607
243.947
242.86
241.924
243.749
242.226
241.829
240.967
239.365
238.774
239.9
244.274
243.318
241.854
241.737
240.268
238.936
237.634
236.505
235.371
234.089
233.485
232.065
236.353
235.359
238.331
241.109
241.264
240.255
240.55
241.373
243.841
242.459
241.081
240.43
243.972
244.103
244.56
243.379
245.445
244.166
243.16
243.552
243.086
243.096
241.889
241.55
244.675
245.338
245.287
244.227
243.023
241.991
240.795
240.223
239.222
238.374
239.156
238.604
