696.7
683.5
691.5
695
700.1
691.6
692.6
682.9
689.1
689.2
686.9
685.4
682
695.6
682.3
697.5
690.7
686.1
683.9
690.5
686.2
690
685.9
683.5
686.6
682.6
686
681.4
682.8
682.3
686.1
684.6
692
698.7
683.4
686.5
686.2
682.2
689
681.6
692.4
699.6
682.5
683.6
684.2
682.6
683.7
689
685.7
684.4
687.7
690.5
694.5
685.9
681.8
693.8
683
696.4
688.3
685.4
684.2
693.3
686.7
686.7
685.2
684
692.1
681.8
683.5
691.4
698.1
682.8
700.4
684.4
684.5
689.1
686.1
682.2
687.5
685
688.2
690.1
683
684.5
695.7
685.8
687.3
685.9
682.2
682.2
686.1
693.7
684.2
694.4
695.2
681.5
690.5
699
681.8
685.9
685.3
696.5
693.5
683.4
696.7
686.7
699.5
683.3
692.7
686
686.7
684.6
690
683.7
684.2
685.4
685.9
681.7
681.6
688.4
701.1
691.6
698
682.2
681.4
685.2
682.6
683.3
687.2
686.1
686.3
686.9
700.5
697.9
694.4
686.3
693.1
692.4
696.2
682
701.2
691.8
687.4
684.3
697.1
681.5
682
701.6
685.4
688.4
682.2
686.6
683.1
690.3
683
682.8
687.3
698.2
682.8
682.9
692.1
690.8
683.9
681.4
682.2
689
685.3
685.7
697.8
683
685.2
699.8
700.4
686.7
686.8
699.2
685.6
705.4
685.5
686.1
691.9
685.5
687.8
682.4
687.8
681.9
699.4
690.2
690.7
683.5
685.7
687.8
682.1
694.1
695.3
694.5
681.8
688.8
684.4
687.5
683.1
690.7
682.8
682
690.2
699.2
682.8
681.7
682.5
691.3
687.9
686.4
682.5
681.9
682.1
684
682
686.5
685
686.3
681.6
682
683.4
683.7
682.6
682.9
686.3
695.6
682.8
687.8
687.3
692.8
682.9
683.9
689
681.5
690.5
689.1
683.2
692.9
684.5
687.2
695
699
683.7
692.9
686.9
683.8
682.9
684.1
692.5
699.6
698.5
682.3
698.2
692.1
684
686.9
682.3
682
687.5
683.5
688
699.6
698.4
692.4
690.8
685.6
698
685.6
695.9
695.5
696.4
684.4
687.4
683.4
693.8
682.7
684.9
688.9
682.4
682.1
683.1
692.5
685.4
686.3
690.4
683.6
685.8
698.5
687.8
698.6
695.7
695.2
682.7
695.6
686.7
691.4
682.5
691.1
682.9
682.2
683.3
684.1
685.3
686.2
696.6
689.6
681.7
686.5
691.5
693.7
682.1
686
687.6
698.8
683.6
684
696.2
695.2
688.6
683.6
705
685.2
697.8
693.9
683.3
686.4
683.6
682
690.2
684.4
681.6
696.9
682.9
683.5
693.6
684.5
683.2
696.1
689.6
699.2
701.3
688.1
686.8
682.9
684.3
692.2
692.4
693
699.9
682.1
687
683.9
696.3
691
699.1
686.1
691.2
688.5
689
683.6
681.7
686.7
682.8
696.7
682.9
694.2
694.7
682.5
683.7
681.9
683.6
698.5
688.4
681.9
687.3
699.5
681.8
684.9
687.9
688
682.9
696.7
687.9
698
681.9
683.3
691
689.4
687
688.9
687.7
688.2
686.5
692.1
683.8
682.3
689.2
696.8
690.5
685.9
698.6
684.1
696.4
685.3
696.1
695.5
697.8
690.6
684.1
682.9
681.7
682.7
682.9
684
683.8
685.6
684.2
684.1
681.7
693.8
687.3
697.9
695.7
681.9
682.5
698.5
694.7
693.8
700.9
701.1
684
693.1
689.2
685.8
686.5
695
698.5
684.4
687.4
699.2
683.2
683.6
684.6
682.4
695.3
682.2
683.5
685.4
700.5
682.9
696.9
682.7
683.7
690
692.5
685.8
683.8
695.2
686.4
690
687.7
683.7
683.1
686.2
687.8
688.8
681.5
685.4
689.7
687.6
686.6
681.9
686
695.3
699.2
693
690
683.2
693.4
700.7
693.6
687.4
682
684.2
688.4
682.4
689.1
685.7
683.5
686.1
684.3
682.6
689.2
682.9
682.4
687
684.2
699.3
688.4
690.4
696.5
681.4
685.8
686.9
688.1
691
693.3
682.1
683.2
686.4
700
681.9
690.9
695.6
683.5
683
700.3
692.8
699.4
688.7
684.6
683.2
686.3
686.6
681.5
696.7
688.8
695.7
684.2
687.5
687.2
690.5
686.7
698.1
700.3
684.4
685.3
682.8
682.3
683.7
687.2
683.1
687
687.9
691.1
686.7
692.9
686
684
696.9
683.5
683.1
685.6
684.3
681.9
682.4
681.9
692.8
682.2
691.7
690.1
692.8
691.3
691.7
686.1
692.6
685.5
690.4
686.9
687.1
682.1
686.7
687.2
698.2
682
682.5
684.7
681.8
686.1
682.9
694.9
688.1
683.8
682.6
690
700.5
692
682.5
685.1
682.4
683.3
682.4
683.2
693
683.6
696.7
684.7
694.3
682.4
686.9
682.7
682.5
688.1
692.4
688.9
682.7
683.9
689.1
685.9
681.4
689.4
693.6
683
687.6
682.6
682
682.4
687.9
702.2
687.9
693.2
693.2
685.2
698.7
685.9
697.7
692.4
682.8
687.4
696.1
683.9
684.3
691.1
687.5
692.2
693.3
693.6
700.3
685.2
696.1
690.1
692.7
693
696.7
688.1
690.2
696.7
683.7
692.7
694.2
691.3
683
694.8
682.1
697.8
699.5
682.1
692.7
691.3
688.7
698.7
695.7
691.2
684.3
690.8
692.1
689.9
683.2
685.2
690.5
689.4
683.2
682.2
682.9
682.1
688.7
687.9
699.9
682
683.6
683
691.6
690
686.7
682.8
682.4
682
700.6
682.3
683.5
686.7
683.6
681.9
697.9
682.8
705.2
695.3
687.3
684.9
699.3
684.4
683.1
685.5
685.4
692.9
685.8
699.8
687.4
690.9
685.6
685.2
683.3
687.2
686.1
692.2
681.9
682.4
685.6
684.3
682.7
699.7
689.8
691.7
682.6
683
683.1
696.2
682.7
687.1
694.8
686.5
696.8
694.8
693.7
699.3
682.8
682.6
687.1
698.4
684.6
697.5
683.1
686.3
690.3
690.7
684.5
689.2
693.6
682.9
693.3
684.1
683.4
681.7
696.3
687
689.7
692.6
687.8
697.8
681.5
682.4
684.1
696.2
699.1
692.9
690.5
689.6
685.7
685.5
691.3
693.1
685.6
695.8
685.7
683.1
683.3
687.1
690.1
696.5
686.7
690.7
683.7
690.2
695.4
681.4
687.9
694.6
690.4
682.1
685.4
683.1
683
689.8
694.7
689.1
692.5
684.4
696.8
682.1
682.6
681.7
682.3
689.2
691.9
691.4
689.1
689.4
684.5
685.3
682
692.1
688.1
689.9
683
682.6
689.2
682
684.3
695.2
687.6
700.1
686.8
697.8
684.8
699.2
682
700
696.6
682.8
683.1
697.3
683.3
689.9
681.5
684.4
683.2
688.7
687.6
694.1
686.4
683
691
701.1
700.5
689.8
689.9
683.1
694.1
688.1
697.6
685.7
695.6
681.5
688
682.8
694
683.6
703.5
682.1
684.3
700.7
698.6
688.9
683.4
687.3
685.4
686.4
699.3
683.4
686.4
693.2
686.1
682.6
695.2
681.9
683
695.1
699
695.6
685
685.1
685.9
697.6
691
698.3
683.3
685.1
681.6
688
689.7
690.8
689.9
686.6
687.9
684.8
686.1
686.6
684.4
685.4
687.9
681.8
698.4
693
682.7
683.2
686.9
681.7
688.6
695.8
695.8
684.7
681.6
694.6
686.9
688.2
703.6
696.8
695.4
681.8
681.5
687.8
686.9
692
682.6
690
699.1
690.1
686
683.6
683.9
695.7
693.9
682.1
683.4
685.7
687.5
684.9
685.5
682.4
694
696.9
689.1
688.3
686.2
697.8
695
682.4
694.8
684.1
685.9
690.8
686.2
682.3
692.7
693.4
688.9
688.4
685.1
682.5
694.4
683.2
697.9
683.9
684.2
681.9
684.9
698.1
691.6
685.8
686.8
686.3
700.7
681.6
687.2
689.4
684.4
697.5
692.8
686
689.1
694.8
700
683
697.3
694.5
695.2
682.3
682.4
681.7
694.2
692.6
689.2
683.5
682.6
685.4
682.9
682.2
688
687.1
686.5
699.9
699.5
690.9
694
683
697.2
692.6
703.5
696.3
695.2
683
697.7
685.9
682.3
694.9
691.8
688.6
690.3
685.9
687
695.8
684.9
686.3
681.9
682.7
688
689.4
689.2
692.2
681.5
683.4
692
688.4
684
687.9
696.2
682.4
687.1
688.8
686.4
683.2
685.1
683
686.8
688.8
691.2
686
691.8
700.7
694.7
682.6
683.6
682.8
684.9
695.4
688.2
688.4
681.4
683.3
687.9
694.1
686.3
689.5
684.7
681.9
683.6
682.1
699.7
682.8
691.9
687.8
687.9
683.4
691.7
685.7
685.5
694.1
684
685.3
689.9
686.9
682.4
683.8
682.3
684.3
685.2
696.7
692.7
686.9
698.5
699.9
699.5
681.3
689.8
685.6
681.8
684
684
684.4
682.3
682
683.3
683.7
693.7
685.1
687.8
682.7
688.5
684.7
697
685.2
692.4
693.1
697.1
681.8
691.6
681.8
684.8
698.9
698.9
681.7
687.9
681.5
689.5
691.7
683.3
692.3
681.8
682.2
690.3
686.7
692.7
704.2
697
681.8
688.7
689.4
681.6
689.7
682.4
682.7
687.6
689.4
698.1
683.5
686
695
689.5
688.7
683.8
684
681.7
699.1
685.4
698.9
681.4
681.9
686.9
684.4
687.8
695.8
687.6
682.9
683.9
683.6
684.3
689.6
689.5
682.3
685.7
681.8
691.3
685.7
682.8
684.8
691.7
683.4
689.2
685.9
696.7
687.4
690
693.3
682.8
681.7
683.9
682.9
700
682.9
682.7
682.7
687.7
682
685.7
685.1
704.6
686.2
681.6
689.1
683.8
683.5
691.5
682.6
684.2
691.7
691.4
683.5
687.3
681.7
687.8
682.9
686.1
698.6
682.4
684
694.6
696
682.7
683
684
683.6
684.3
687
697.9
682
683.2
685.1
685.7
691
692.1
688.1
691.5
681.8
683.8
695.4
686.1
701
683.4
687.3
688.4
681.4
683.3
690.2
687
697
683.2
695
683.7
687.7
682.5
682.3
682.8
682.9
683.5
682.4
697
681.9
687.9
689.9
699.2
683.4
686.3
684.8
683.3
694.1
684.4
693
695.7
684
691
684.9
696.7
683
682.5
686.9
681.6
683.4
697.5
687.4
686.3
682
683.7
691.3
682
692.5
695.7
696.5
699.3
693.1
684.7
687.5
698.3
684.5
682.6
683
683.4
696.2
682
682.7
682.1
696.2
698.4
684.9
684.9
694
684
693.1
682.3
683.9
683.1
686.3
683.6
692
698
700.4
688.6
683.6
696.5
690.1
684.5
685.6
698.4
685.3
693.4
682.6
684.6
701.3
681.9
683.2
693.7
683.7
681.6
685.9
683.8
682.3
683.8
684.9
687.1
681.9
687.6
690.8
696.3
681.9
683.8
695.3
699.5
684.2
682.7
686
682.9
687.8
689.5
689.8
685.6
704.2
683.6
684.7
692.3
682
682.9
682.2
686
683.2
696.5
682
698.3
690.7
687.1
694.4
687.4
681.6
686.3
691.3
688.4
683.9
683.3
693.3
682.3
692.3
682.1
686.9
696.3
684
696.4
699.5
691.1
685.9
682.3
682.5
690.5
690.8
700.2
692.1
696.8
685.9
687.6
700.4
687.3
687.5
696.8
690.4
686.8
694.3
691.1
687.6
697.2
700
699.7
692.1
685.2
682.9
682.5
692.3
688.8
700.1
681.5
687.2
696
684.7
690.4
682.1
683.2
684.2
683.3
685.4
700.3
687
685.5
702.7
683.1
684.6
692.2
690.9
697.7
682.6
685.2
689.1
689
690
686.2
682.1
688.4
704
683
683.2
694.8
685.1
696.6
690.9
684.4
694.1
695.6
682.4
683.2
685.5
686.5
696.5
699.3
685.2
694.8
692.5
699.9
683.2
687.3
683.5
684.3
682.4
693.8
691.2
683.2
683
683.2
682.6
688
685.4
682.2
688.2
684.7
691.4
681.6
685.7
690.7
687.5
687.5
681.5
699.9
681.5
688.9
687
683.9
682.4
682.5
689.9
698.4
687.6
681.7
682.2
685.2
682.8
686.2
698.8
684.3
686.1
695.7
681.7
681.6
701
686.9
694.8
698
693.8
691.3
686.4
698.9
693.3
693.6
694
684
685.3
682.9
682
688.2
686.2
681.8
689.3
700.9
683.1
684.9
689.2
681.8
687.4
693.4
684.3
694.8
681.6
695.2
684.1
686
682.4
684.9
685
684.1
683.4
684.1
683.5
682.1
687.3
687.2
685.1
683.5
683.3
688.4
686.3
699.6
692.1
689.8
683.1
685.5
685.1
684
685
683.9
682.4
696.3
704.6
682.1
688
687
683.8
690.3
682.3
697.1
681.7
693.8
688.1
681.5
681.7
682.7
682.3
685.1
691.9
681.8
687.7
685.8
683.3
692.7
696.3
687.1
698.6
685.3
696.2
681.9
693.9
683.8
702.9
689.2
688.4
688.9
685.4
691.7
698.7
696.4
687.3
690.5
683.3
691.5
686
685.7
700.4
684.1
688.6
683.5
687.4
698.6
688.1
695.4
682.3
684.4
682.9
682.6
694.1
698.5
695.6
681.4
683.1
682.1
681.6
683
690.2
688.6
694.3
682
684.6
683.6
684.7
682.3
682.2
682.6
683
703.2
693.3
686.8
689.9
700.9
697.4
697.9
684
684.5
684.8
682.5
683.9
682.2
684.4
691.7
684.6
681.8
681.9
688.2
685.4
684.5
697
682.7
682.6
689
688.4
694.5
687
683.7
687.8
696.6
687
685.7
682.9
688.3
690.7
685.9
685.1
683.5
682.2
684
701.6
682.4
690.2
683
685.7
692.5
692.3
685
698.2
700.7
695.1
684.9
685.5
683.9
685
683.7
703.2
692.1
685.5
681.8
690.5
682.9
699.8
699
682
681.9
685.9
689.2
691.7
688.6
683.9
689.9
681.8
687.5
691.7
693.4
681.6
697.4
684.1
697.1
682.8
686.6
682.5
695.1
691.7
688.6
697.1
681.6
694.3
694.6
682.4
681.9
685.4
684.8
682.6
684.1
691.1
683.1
689.6
699.5
683.4
692.1
682.7
701.1
684.4
684.6
687.3
690.3
695.2
692.8
685.6
682.6
699.1
698.6
682.6
681.7
683.1
694.1
696.2
684.4
687
682
697.6
685.5
697.3
687.1
701.2
683.4
688.2
694.7
686.8
686.5
684.5
684.3
690.9
684.2
685.7
697.6
682.4
685.1
700.8
689
700.4
683.3
682.7
688.1
697.8
685.6
682.5
696.5
690.4
682.9
695
683.2
684.1
683.6
697
693.2
697.6
683.4
684
682.8
684.8
683.6
685.1
689.3
683
687.3
687.3
682.1
683.9
685.9
689.4
687.9
682.2
683.3
683.4
685.7
685.4
693.3
683.5
689.3
682.2
684.9
683.6
688.8
682.3
697.5
682.3
688.8
684.9
685.4
688.7
697.2
690.6
690.6
682.3
697.7
684.9
686.8
687.3
696.9
700.4
687.6
686.7
691.6
687.5
685
685.3
694.7
682.2
682.7
693.4
684
689.9
683.5
683.3
698.3
687.1
685
686.1
685
685.8
683.2
682.5
682.1
688.3
692.8
691.3
690.4
690.9
681.4
687.9
683
687.5
682.8
682.9
696.1
685.2
682.8
692.4
686
682.6
697.4
689.8
682.8
692.9
684.5
699.6
689
690.9
686.9
693.4
682.5
690.5
696.2
690.7
691.5
683.7
691.6
688.9
696.9
687.8
687
690.6
693.1
681.8
683.9
682
682.6
682.6
681.4
690.9
696.1
682.5
697.9
692.8
682.6
697.2
696.4
681.4
684.8
693.2
683.3
683.7
690.4
695.4
691
701.9
686.1
684.1
681.6
685.6
684.5
682.1
687.5
685.3
692.5
690.3
697.6
693.7
695.4
687.5
683
685.2
689.9
682.7
700.7
687.5
682.4
684
691.8
681.6
686.9
697.1
682.5
684.5
682.3
682.8
689.3
692.4
689.2
691.9
683.7
683.4
687.4
683.2
691.2
683.7
681.8
694.6
692.1
694.2
687.5
682.1
692.1
685.9
686.8
691.1
684.4
682.3
681.8
696.6
682.3
682.2
689.9
690.6
683.9
681.7
688.7
690.4
683.8
681.8
683.1
685
690
689.4
690.9
