696.7
690.1
690.567
691.675
693.36
693.067
693
691.737
691.444
691.22
690.827
690.375
689.731
690.15
689.627
690.119
690.153
689.928
689.611
689.655
689.49
689.514
689.357
689.113
689.012
688.765
688.663
688.404
688.21
688.013
687.952
687.847
687.973
688.288
688.149
688.103
688.051
687.897
687.926
687.767
687.88
688.16
688.028
687.927
687.844
687.73
687.645
687.673
687.633
687.568
687.571
687.627
687.757
687.722
687.615
687.725
687.642
687.793
687.802
687.762
687.703
687.794
687.776
687.759
687.72
687.664
687.73
687.643
687.583
687.637
687.785
687.715
687.889
687.842
687.797
687.814
687.792
687.721
687.718
687.684
687.69
687.72
687.663
687.625
687.72
687.698
687.693
687.673
687.611
687.551
687.535
687.602
687.566
687.638
687.718
687.653
687.682
687.798
687.737
687.719
687.695
687.781
687.837
687.794
687.879
687.868
687.977
687.933
687.977
687.959
687.948
687.918
687.936
687.899
687.867
687.846
687.829
687.777
687.725
687.731
687.841
687.872
687.954
687.908
687.856
687.835
687.794
687.759
687.754
687.742
687.731
687.724
687.82
687.896
687.944
687.932
687.969
688.001
688.06
688.017
688.111
688.137
688.131
688.105
688.167
688.121
688.08
688.171
688.152
688.154
688.115
688.105
688.072
688.086
688.054
688.02
688.015
688.08
688.047
688.014
688.04
688.057
688.031
687.991
687.956
687.962
687.946
687.933
687.991
687.962
687.946
688.015
688.086
688.078
688.071
688.134
688.12
688.217
688.202
688.19
688.21
688.196
688.193
688.162
688.16
688.126
688.187
688.197
688.211
688.186
688.173
688.171
688.139
688.17
688.207
688.239
688.206
688.209
688.19
688.186
688.161
688.174
688.147
688.117
688.127
688.181
688.155
688.124
688.097
688.112
688.111
688.103
688.077
688.048
688.02
688.002
687.974
687.967
687.954
687.946
687.918
687.891
687.871
687.852
687.829
687.807
687.8
687.835
687.813
687.813
687.81
687.832
687.811
687.794
687.799
687.772
687.784
687.789
687.77
687.792
687.778
687.776
687.805
687.851
687.834
687.855
687.851
687.835
687.815
687.8
687.819
687.865
687.908
687.885
687.926
687.942
687.927
687.923
687.901
687.878
687.877
687.86
687.861
687.905
687.945
687.962
687.972
687.963
688.001
687.992
688.021
688.049
688.079
688.066
688.063
688.046
688.067
688.048
688.037
688.04
688.02
687.999
687.981
687.997
687.988
687.982
687.991
687.975
687.968
688.004
688.003
688.04
688.066
688.09
688.072
688.097
688.093
688.104
688.085
688.095
688.078
688.058
688.043
688.03
688.021
688.015
688.043
688.048
688.027
688.022
688.033
688.052
688.033
688.026
688.025
688.059
688.045
688.032
688.058
688.08
688.082
688.068
688.12
688.111
688.141
688.159
688.144
688.138
688.125
688.106
688.112
688.101
688.082
688.108
688.093
688.079
688.095
688.085
688.07
688.094
688.098
688.131
688.169
688.169
688.165
688.15
688.139
688.15
688.162
688.176
688.21
688.192
688.189
688.177
688.2
688.208
688.238
688.232
688.24
688.241
688.243
688.23
688.212
688.208
688.193
688.217
688.202
688.218
688.236
688.221
688.208
688.191
688.179
688.207
688.207
688.19
688.188
688.218
688.201
688.192
688.192
688.191
688.177
688.199
688.199
688.224
688.208
688.195
688.202
688.205
688.202
688.204
688.203
688.203
688.198
688.208
688.197
688.182
688.185
688.207
688.212
688.206
688.232
688.222
688.242
688.235
688.254
688.272
688.295
688.301
688.291
688.278
688.262
688.248
688.235
688.225
688.215
688.208
688.199
688.189
688.174
688.187
688.185
688.208
688.225
688.211
688.197
688.221
688.236
688.249
688.279
688.308
688.298
688.309
688.311
688.306
688.302
688.317
688.34
688.331
688.329
688.354
688.342
688.331
688.323
688.31
688.325
688.312
688.301
688.294
688.322
688.31
688.328
688.316
688.306
688.31
688.319
688.313
688.303
688.318
688.314
688.318
688.317
688.307
688.295
688.291
688.29
688.291
688.277
688.27
688.273
688.272
688.268
688.255
688.25
688.265
688.288
688.298
688.301
688.291
688.301
688.327
688.338
688.336
688.323
688.315
688.315
688.303
688.304
688.299
688.289
688.285
688.277
688.265
688.267
688.256
688.244
688.242
688.234
688.256
688.256
688.261
688.277
688.263
688.258
688.256
688.255
688.261
688.271
688.259
688.249
688.245
688.268
688.256
688.261
688.275
688.266
688.256
688.279
688.288
688.309
688.31
688.302
688.293
688.289
688.286
688.273
688.289
688.29
688.304
688.296
688.295
688.292
688.297
688.294
688.312
688.334
688.327
688.321
688.311
688.3
688.292
688.29
688.28
688.278
688.277
688.282
688.279
688.288
688.283
688.276
688.291
688.283
688.273
688.268
688.261
688.25
688.239
688.228
688.236
688.225
688.232
688.235
688.243
688.248
688.255
688.251
688.258
688.254
688.257
688.255
688.253
688.242
688.24
688.238
688.255
688.244
688.234
688.228
688.217
688.213
688.204
688.216
688.216
688.208
688.198
688.202
688.222
688.229
688.219
688.214
688.204
688.196
688.186
688.178
688.186
688.178
688.192
688.186
688.197
688.187
688.185
688.176
688.166
688.166
688.173
688.174
688.165
688.158
688.16
688.156
688.145
688.147
688.156
688.148
688.147
688.138
688.128
688.119
688.118
688.141
688.141
688.149
688.157
688.152
688.169
688.165
688.181
688.187
688.179
688.177
688.19
688.183
688.177
688.182
688.181
688.187
688.195
688.203
688.222
688.218
688.23
688.233
688.24
688.247
688.26
688.26
688.263
688.276
688.269
688.276
688.285
688.289
688.281
688.291
688.282
688.296
688.313
688.304
688.311
688.315
688.316
688.331
688.342
688.347
688.341
688.344
688.35
688.352
688.345
688.34
688.343
688.345
688.337
688.328
688.32
688.311
688.311
688.311
688.328
688.319
688.312
688.304
688.309
688.311
688.309
688.301
688.292
688.283
688.301
688.292
688.285
688.283
688.276
688.267
688.281
688.273
688.297
688.307
688.306
688.301
688.317
688.311
688.304
688.3
688.296
688.302
688.299
688.315
688.314
688.317
688.313
688.309
688.302
688.3
688.297
688.303
688.294
688.286
688.282
688.276
688.269
688.285
688.287
688.291
688.283
688.276
688.269
688.28
688.272
688.271
688.28
688.277
688.289
688.298
688.305
688.32
688.312
688.305
688.303
688.317
688.312
688.324
688.317
688.314
688.317
688.32
688.315
688.316
688.323
688.316
688.323
688.317
688.311
688.302
688.312
688.311
688.313
688.318
688.318
688.33
688.321
688.313
688.308
688.318
688.332
688.338
688.341
688.343
688.339
688.335
688.339
688.345
688.342
688.351
688.348
688.341
688.335
688.333
688.336
688.346
688.344
688.347
688.341
688.343
688.352
688.343
688.343
688.351
688.353
688.346
688.342
688.335
688.328
688.33
688.338
688.339
688.344
688.34
688.35
688.342
688.335
688.327
688.319
688.32
688.325
688.329
688.33
688.331
688.326
688.323
688.315
688.319
688.319
688.321
688.315
688.308
688.309
688.301
688.296
688.305
688.304
688.318
688.316
688.328
688.323
688.337
688.329
688.343
688.353
688.346
688.34
688.351
688.345
688.346
688.338
688.334
688.327
688.328
688.327
688.334
688.332
688.325
688.328
688.344
688.358
688.36
688.361
688.355
688.362
688.362
688.373
688.369
688.378
688.37
688.369
688.363
688.369
688.364
688.382
688.374
688.369
688.384
688.396
688.396
688.39
688.389
688.386
688.383
688.396
688.39
688.388
688.393
688.391
688.384
688.392
688.385
688.378
688.386
688.398
688.406
688.402
688.399
688.396
688.406
688.409
688.42
688.415
688.411
688.403
688.403
688.404
688.407
688.409
688.407
688.406
688.402
688.399
688.397
688.393
688.39
688.389
688.382
688.393
688.398
688.392
688.386
688.384
688.377
688.377
688.385
688.394
688.389
688.382
688.389
688.387
688.387
688.404
688.413
688.42
688.413
688.406
688.405
688.403
688.407
688.401
688.403
688.414
688.416
688.413
688.408
688.403
688.411
688.417
688.41
688.405
688.402
688.401
688.397
688.394
688.388
688.394
688.403
688.404
688.404
688.401
688.411
688.418
688.412
688.419
688.414
688.411
688.414
688.412
688.405
688.41
688.415
688.415
688.415
688.412
688.406
688.412
688.407
688.416
688.412
688.407
688.401
688.397
688.407
688.41
688.408
688.406
688.404
688.416
688.409
688.408
688.409
688.405
688.414
688.419
688.416
688.417
688.424
688.435
688.43
688.439
688.445
688.452
688.446
688.439
688.433
688.439
688.443
688.443
688.438
688.433
688.43
688.424
688.418
688.417
688.416
688.414
688.426
688.437
688.439
688.445
688.439
688.448
688.452
688.467
688.475
688.481
688.476
688.485
688.482
688.476
688.483
688.486
688.486
688.488
688.485
688.484
688.491
688.488
688.485
688.479
688.473
688.473
688.474
688.474
688.478
688.471
688.466
688.47
688.47
688.465
688.465
688.472
688.467
688.465
688.466
688.464
688.458
688.455
688.45
688.448
688.449
688.451
688.449
688.452
688.464
688.47
688.464
688.46
688.454
688.451
688.458
688.457
688.457
688.451
688.446
688.445
688.451
688.448
688.449
688.446
688.44
688.435
688.429
688.44
688.435
688.438
688.437
688.437
688.432
688.435
688.433
688.43
688.435
688.431
688.428
688.429
688.428
688.423
688.418
688.413
688.409
688.406
688.413
688.417
688.416
688.425
688.436
688.446
688.439
688.441
688.438
688.432
688.428
688.424
688.42
688.415
688.409
688.404
688.4
688.405
688.402
688.401
688.396
688.396
688.393
688.401
688.398
688.401
688.406
688.413
688.407
688.41
688.404
688.401
688.411
688.42
688.414
688.413
688.407
688.408
688.411
688.407
688.41
688.404
688.399
688.4
688.399
688.403
688.417
688.424
688.418
688.419
688.419
688.414
688.415
688.409
688.404
688.404
688.405
688.413
688.409
688.407
688.412
688.413
688.414
688.41
688.406
688.4
688.409
688.407
688.416
688.41
688.404
688.403
688.399
688.399
688.405
688.404
688.4
688.396
688.392
688.388
688.389
688.39
688.385
688.383
688.377
688.38
688.377
688.373
688.369
688.372
688.368
688.369
688.367
688.374
688.373
688.374
688.378
688.374
688.368
688.364
688.36
688.37
688.365
688.36
688.355
688.355
688.35
688.347
688.345
688.358
688.356
688.351
688.351
688.348
688.344
688.346
688.341
688.338
688.341
688.343
688.339
688.339
688.333
688.333
688.328
688.326
688.335
688.33
688.326
688.331
688.338
688.333
688.329
688.325
688.321
688.318
688.317
688.325
688.32
688.315
688.313
688.311
688.313
688.316
688.316
688.318
688.313
688.309
688.315
688.313
688.324
688.32
688.319
688.319
688.313
688.309
688.311
688.31
688.317
688.313
688.318
688.314
688.314
688.309
688.304
688.3
688.296
688.292
688.287
688.294
688.289
688.289
688.29
688.299
688.295
688.293
688.29
688.286
688.291
688.288
688.292
688.298
688.294
688.296
688.294
688.3
688.296
688.292
688.29
688.285
688.281
688.289
688.288
688.286
688.281
688.278
688.28
688.275
688.279
688.284
688.291
688.299
688.303
688.3
688.3
688.307
688.304
688.3
688.296
688.292
688.298
688.293
688.289
688.284
688.29
688.298
688.296
688.293
688.297
688.294
688.298
688.293
688.29
688.286
688.284
688.281
688.284
688.291
688.3
688.3
688.297
688.303
688.304
688.302
688.299
688.307
688.305
688.309
688.304
688.302
688.311
688.307
688.303
688.307
688.303
688.298
688.296
688.293
688.289
688.285
688.283
688.282
688.277
688.277
688.278
688.284
688.28
688.276
688.282
688.29
688.287
688.283
688.281
688.277
688.277
688.278
688.279
688.277
688.289
688.285
688.282
688.285
688.281
688.277
688.272
688.271
688.267
688.273
688.268
688.276
688.278
688.277
688.281
688.28
688.276
688.274
688.276
688.276
688.273
688.27
688.273
688.269
688.272
688.267
688.266
688.272
688.269
688.275
688.283
688.285
688.283
688.279
688.275
688.277
688.278
688.287
688.29
688.296
688.294
688.294
688.302
688.302
688.301
688.307
688.308
688.307
688.312
688.314
688.313
688.319
688.328
688.336
688.338
688.336
688.332
688.328
688.331
688.331
688.34
688.335
688.334
688.34
688.337
688.338
688.334
688.33
688.328
688.324
688.322
688.33
688.329
688.327
688.337
688.334
688.331
688.334
688.336
688.342
688.338
688.336
688.337
688.337
688.338
688.337
688.332
688.332
688.343
688.34
688.336
688.34
688.338
688.344
688.346
688.343
688.347
688.352
688.348
688.344
688.342
688.341
688.347
688.354
688.352
688.356
688.359
688.367
688.364
688.363
688.36
688.357
688.353
688.356
688.358
688.355
688.351
688.348
688.344
688.344
688.342
688.337
688.337
688.335
688.337
688.332
688.331
688.332
688.332
688.331
688.327
688.334
688.33
688.33
688.329
688.326
688.322
688.318
688.319
688.326
688.326
688.321
688.317
688.315
688.311
688.31
688.317
688.314
688.313
688.318
688.313
688.309
688.317
688.316
688.321
688.327
688.331
688.333
688.331
688.338
688.342
688.345
688.349
688.346
688.344
688.34
688.336
688.336
688.335
688.33
688.331
688.339
688.336
688.334
688.334
688.33
688.329
688.333
688.33
688.334
688.33
688.334
688.332
688.33
688.326
688.324
688.322
688.319
688.316
688.313
688.31
688.306
688.305
688.305
688.303
688.3
688.296
688.296
688.295
688.302
688.305
688.306
688.302
688.301
688.299
688.296
688.294
688.291
688.287
688.292
688.303
688.299
688.299
688.298
688.295
688.296
688.292
688.298
688.294
688.297
688.297
688.293
688.289
688.285
688.281
688.279
688.282
688.277
688.277
688.276
688.272
688.275
688.28
688.279
688.286
688.284
688.289
688.285
688.289
688.286
688.295
688.295
688.296
688.296
688.294
688.296
688.303
688.308
688.307
688.309
688.305
688.307
688.306
688.304
688.312
688.309
688.309
688.306
688.306
688.312
688.312
688.317
688.313
688.31
688.307
688.304
688.307
688.313
688.318
688.314
688.31
688.307
688.302
688.299
688.3
688.301
688.304
688.3
688.298
688.295
688.293
688.289
688.286
688.282
688.279
688.288
688.291
688.29
688.291
688.299
688.304
688.31
688.308
688.305
688.303
688.3
688.297
688.293
688.291
688.293
688.291
688.287
688.283
688.283
688.281
688.279
688.284
688.281
688.277
688.278
688.278
688.282
688.281
688.278
688.278
688.283
688.282
688.281
688.277
688.277
688.279
688.277
688.275
688.273
688.269
688.266
688.274
688.271
688.272
688.269
688.267
688.27
688.272
688.27
688.276
688.284
688.288
688.286
688.284
688.281
688.279
688.277
688.286
688.288
688.286
688.282
688.284
688.28
688.287
688.293
688.29
688.286
688.285
688.285
688.287
688.287
688.285
688.286
688.282
688.282
688.284
688.286
688.283
688.288
688.285
688.291
688.287
688.286
688.283
688.287
688.289
688.289
688.294
688.29
688.294
688.298
688.294
688.29
688.289
688.287
688.283
688.281
688.283
688.28
688.28
688.287
688.284
688.286
688.283
688.29
688.288
688.286
688.286
688.287
688.291
688.293
688.292
688.288
688.295
688.3
688.297
688.293
688.291
688.294
688.298
688.296
688.295
688.292
688.297
688.295
688.301
688.3
688.307
688.304
688.304
688.308
688.307
688.306
688.304
688.302
688.303
688.301
688.299
688.305
688.301
688.299
688.307
688.307
688.314
688.311
688.308
688.308
688.313
688.311
688.308
688.313
688.314
688.311
688.315
688.312
688.309
688.307
688.312
688.314
688.319
688.317
688.314
688.311
688.309
688.307
688.305
688.306
688.303
688.302
688.301
688.298
688.296
688.294
688.295
688.295
688.291
688.289
688.286
688.285
688.283
688.286
688.283
688.284
688.28
688.278
688.276
688.276
688.273
688.278
688.275
688.275
688.273
688.272
688.272
688.277
688.278
688.279
688.276
688.281
688.279
688.278
688.278
688.283
688.289
688.289
688.288
688.29
688.289
688.287
688.286
688.289
688.286
688.283
688.286
688.283
688.284
688.282
688.279
688.284
688.284
688.282
688.281
688.279
688.278
688.275
688.272
688.269
688.269
688.271
688.273
688.274
688.275
688.272
688.271
688.269
688.268
688.265
688.262
688.267
688.265
688.262
688.264
688.263
688.26
688.265
688.266
688.263
688.265
688.263
688.269
688.27
688.271
688.27
688.273
688.27
688.271
688.275
688.277
688.278
688.276
688.278
688.278
688.283
688.282
688.282
688.283
688.285
688.282
688.28
688.276
688.273
688.27
688.267
688.268
688.272
688.269
688.274
688.277
688.274
688.278
688.283
688.279
688.277
688.28
688.277
688.275
688.276
688.28
688.281
688.288
688.287
688.285
688.281
688.28
688.278
688.275
688.274
688.273
688.275
688.276
688.281
688.284
688.287
688.287
688.284
688.283
688.283
688.281
688.287
688.287
688.284
688.281
688.283
688.28
688.279
688.283
688.281
688.279
688.276
688.273
688.273
688.275
688.276
688.278
688.275
688.273
688.272
688.27
688.271
688.269
688.266
688.269
688.271
688.274
688.274
688.27
688.272
688.271
688.27
688.272
688.27
688.267
688.264
688.268
688.265
688.262
688.263
688.264
688.262
688.258
688.258
688.26
688.257
688.254
688.252
688.25
688.251
688.251
688.253
