519.6
516.25
504.367
510.55
507.06
504
500.157
504.025
503.256
500.75
500.645
500.7
501.177
500.5
498.713
499.581
501.406
499.789
501.111
500.315
500.786
500.582
500.578
500.9
501.28
500.108
500.8
501.325
501.652
502.157
501.526
501.512
500.885
500.553
501.226
501.089
500.243
500.445
500.877
501.375
501.076
500.864
501.228
501.332
501.473
501.533
501.47
501.273
500.667
500.922
501.129
501.135
501.436
501.259
500.944
501.252
501.16
500.916
501.059
500.9
501.274
501.384
501.324
501.433
501.275
501.576
501.557
501.609
501.507
501.48
501.521
501.29
501.448
501.381
501.559
501.482
501.532
501.695
501.929
501.969
501.972
501.798
501.813
501.676
501.572
501.756
501.766
501.431
501.264
501.27
501.354
501.596
501.669
501.638
501.842
501.641
501.495
501.421
501.126
500.906
501.11
500.973
501.15
500.982
500.928
500.685
500.769
500.841
500.859
500.725
500.754
500.497
500.684
500.703
500.716
500.595
500.818
500.834
501.052
501.211
501.353
501.297
501.083
501.073
501.315
501.457
501.428
501.257
501.46
501.552
501.695
501.683
501.605
501.635
501.484
501.683
501.565
501.414
501.342
501.44
501.519
501.513
501.556
501.606
501.554
501.768
501.903
501.866
501.877
501.927
501.719
501.753
501.806
501.944
502.015
501.975
501.972
501.897
502.001
502.022
502.027
501.882
501.906
501.74
501.842
501.805
501.871
501.941
501.947
501.931
502.003
502.017
501.959
502.131
501.957
502.027
502.012
501.969
501.924
501.839
501.875
501.852
501.725
501.832
501.803
501.874
501.84
501.875
502.01
501.863
501.874
501.837
501.88
501.839
501.869
502.022
502.048
501.941
502.039
502.012
502.067
502.03
502.036
501.947
502.049
502.046
501.943
502.007
502.024
502.089
502.027
501.972
501.969
501.978
501.963
501.986
502.023
502.128
502.191
502.278
502.256
502.25
502.188
502.164
502.26
502.225
502.164
502.227
502.334
502.226
502.258
502.212
502.114
502.15
502.211
502.329
502.349
502.45
502.363
502.394
502.46
502.323
502.28
502.265
502.359
502.414
502.502
502.534
502.539
502.561
502.568
502.51
502.594
502.605
502.662
502.737
502.761
502.691
502.725
502.695
502.696
502.747
502.716
502.744
502.719
502.618
502.697
502.716
502.735
502.72
502.665
502.696
502.627
502.679
502.62
502.597
502.599
502.587
502.537
502.462
502.491
502.571
502.608
502.577
502.478
502.503
502.474
502.537
502.461
502.53
502.584
502.653
502.628
502.689
502.668
502.678
502.735
502.815
502.816
502.728
502.65
502.741
502.758
502.687
502.615
502.593
502.566
502.493
502.579
502.641
502.734
502.808
502.862
502.793
502.759
502.734
502.74
502.709
502.719
502.727
502.728
502.695
502.747
502.641
502.657
502.725
502.771
502.728
502.764
502.738
502.779
502.816
502.801
502.819
502.766
502.729
502.72
502.742
502.716
502.72
502.815
502.838
502.749
502.831
502.845
502.893
502.913
502.97
502.982
502.984
503.015
503.02
503.036
503.108
503.08
503.049
503.006
502.956
502.991
502.998
502.919
502.895
502.877
502.911
502.93
502.971
502.997
502.928
502.992
502.987
503.023
502.991
503.038
503.053
503.078
503.091
503.055
503.055
503.068
503.029
503.038
503.056
503.071
503.071
503.029
503.085
503.139
503.137
503.099
503.124
503.073
503.099
503.108
503.109
503.136
503.213
503.208
503.239
503.287
503.356
503.394
503.439
503.422
503.372
503.375
503.343
503.323
503.31
503.251
503.226
503.215
503.269
503.307
503.286
503.299
503.254
503.31
503.351
503.307
503.344
503.3
503.263
503.324
503.341
503.268
503.313
503.305
503.246
503.238
503.278
503.236
503.23
503.267
503.238
503.284
503.302
503.306
503.302
503.278
503.333
503.284
503.224
503.22
503.252
503.297
503.239
503.199
503.189
503.252
503.248
503.261
503.266
503.225
503.263
503.238
503.307
503.244
503.296
503.343
503.395
503.388
503.417
503.376
503.374
503.345
503.324
503.281
503.342
503.325
503.377
503.321
503.278
503.251
503.25
503.242
503.27
503.277
503.295
503.266
503.275
503.282
503.277
503.249
503.279
503.338
503.31
503.343
503.321
503.321
503.289
503.293
503.303
503.282
503.313
503.297
503.312
503.285
503.281
503.319
503.283
503.338
503.357
503.315
503.351
503.344
503.356
503.321
503.322
503.31
503.3
503.312
503.36
503.386
503.387
503.412
503.428
503.46
503.503
503.505
503.516
503.535
503.504
503.477
503.466
503.48
503.471
503.432
503.471
503.496
503.454
503.471
503.486
503.476
503.488
503.478
503.469
503.508
503.561
503.569
503.617
503.56
503.545
503.557
503.573
503.577
503.572
503.559
503.562
503.541
503.576
503.567
503.545
503.529
503.567
503.565
503.573
503.545
503.57
503.57
503.577
503.563
503.573
503.576
503.557
503.558
503.504
503.487
503.501
503.45
503.496
503.507
503.484
503.509
503.547
503.518
503.54
503.53
503.515
503.482
503.506
503.518
503.502
503.536
503.544
503.553
503.514
503.491
503.481
503.502
503.532
503.51
503.453
503.468
503.475
503.521
503.524
503.534
503.544
503.555
503.58
503.579
503.597
503.583
503.559
503.531
503.563
503.581
503.581
503.602
503.6
503.602
503.592
503.601
503.603
503.568
503.554
503.522
503.48
503.495
503.5
503.535
503.523
503.548
503.502
503.5
503.508
503.502
503.48
503.483
503.475
503.445
503.49
503.467
503.494
503.517
503.489
503.466
503.417
503.405
503.441
503.444
503.456
503.475
503.45
503.441
503.425
503.406
503.4
503.399
503.398
503.393
503.435
503.407
503.441
503.447
503.468
503.494
503.473
503.476
503.508
503.53
503.549
503.589
503.567
503.553
503.579
503.585
503.615
503.597
503.592
503.621
503.606
503.6
503.562
503.512
503.516
503.495
503.449
503.479
503.449
503.491
503.499
503.544
503.565
503.522
503.555
503.563
503.58
503.536
503.508
503.54
503.499
503.49
503.481
503.523
503.517
503.533
503.54
503.549
503.583
503.556
503.544
503.52
503.558
503.554
503.512
503.494
503.483
503.468
503.457
503.478
503.484
503.513
503.52
503.507
503.476
503.487
503.514
503.522
503.512
503.464
503.466
503.475
503.464
503.499
503.493
503.472
503.49
503.51
503.491
503.504
503.512
503.513
503.509
503.481
503.507
503.485
503.456
503.48
503.461
503.46
503.465
503.443
503.459
503.452
503.454
503.431
503.422
503.449
503.461
503.432
503.422
503.426
503.386
503.398
503.406
503.374
503.39
503.427
503.403
503.421
503.426
503.428
503.394
503.379
503.343
503.355
503.385
503.41
503.41
503.377
503.366
503.365
503.358
503.35
503.34
503.332
503.318
503.332
503.308
503.34
503.337
503.362
503.375
503.405
503.366
503.359
503.354
503.355
503.387
503.375
503.389
503.385
503.35
503.355
503.364
503.348
503.328
503.325
503.347
503.362
503.379
503.338
503.322
503.309
503.303
503.318
503.354
503.338
503.35
503.373
503.385
503.356
503.376
503.391
503.392
503.39
503.372
503.359
503.377
503.372
503.361
503.343
503.343
503.31
503.31
503.305
503.331
503.314
503.306
503.287
503.302
503.278
503.25
503.259
503.228
503.238
503.256
503.275
503.27
503.247
503.239
503.219
503.236
503.235
503.266
503.283
503.281
503.307
503.337
503.341
503.346
503.356
503.341
503.35
503.339
503.328
503.359
503.376
503.396
503.381
503.382
503.35
503.351
503.369
503.378
503.364
503.349
503.334
503.347
503.361
503.368
503.363
503.352
503.32
503.322
503.317
503.313
503.333
503.333
503.326
503.318
503.343
503.372
503.39
503.361
503.338
503.336
503.331
503.32
503.305
503.334
503.343
503.331
503.329
503.304
503.318
503.31
503.332
503.319
503.319
503.324
503.351
503.351
503.372
503.362
503.361
503.385
503.38
503.391
503.404
503.408
503.399
503.427
503.436
503.457
503.466
503.469
503.487
503.478
503.511
503.495
503.511
503.534
503.535
503.547
503.541
503.545
503.557
503.565
503.551
503.539
503.534
503.526
503.518
503.525
503.498
503.515
503.531
503.533
503.529
503.559
503.531
503.51
503.513
503.535
503.54
503.534
503.53
503.551
503.561
503.562
503.551
503.576
503.595
503.612
503.617
503.599
503.593
503.585
503.575
503.558
503.552
503.563
503.557
503.579
503.573
503.557
503.579
503.591
503.607
503.62
503.594
503.578
503.555
503.557
503.539
503.564
503.565
503.541
503.524
503.517
503.526
503.548
503.532
503.539
503.539
503.538
503.558
503.557
503.547
503.518
503.511
503.516
503.512
503.5
503.506
503.525
503.539
503.563
503.555
503.556
503.555
503.567
503.547
503.523
503.501
503.509
503.521
503.531
503.527
503.505
503.499
503.502
503.497
503.505
503.528
503.532
503.557
503.559
503.54
503.564
503.587
503.587
503.564
503.587
503.594
503.595
503.567
503.549
503.557
503.571
503.567
503.585
503.598
503.612
503.597
503.612
503.581
503.591
503.566
503.557
503.565
503.537
503.512
503.499
503.515
503.495
503.502
503.52
503.498
503.49
503.48
503.491
503.472
503.452
503.448
503.461
503.449
503.465
503.489
503.485
503.471
503.479
503.476
503.494
503.497
503.504
503.516
503.543
503.556
503.558
503.547
503.538
503.541
503.538
503.549
503.523
503.536
503.551
503.554
503.555
503.553
503.555
503.579
503.564
503.562
503.558
503.551
503.555
503.545
503.544
503.546
503.564
503.568
503.563
503.566
503.581
503.572
503.557
503.567
503.554
503.565
503.563
503.533
503.533
503.532
503.554
503.58
503.564
503.556
503.577
503.568
503.58
503.566
503.566
503.571
503.563
503.562
503.545
503.541
503.516
503.489
503.491
503.512
503.52
503.504
503.518
503.515
503.492
503.494
503.488
503.491
503.476
503.458
503.454
503.474
503.468
503.453
503.451
503.457
503.477
503.479
503.477
503.47
503.486
503.465
503.485
503.473
503.468
503.488
503.477
503.475
503.465
503.479
503.483
503.481
503.459
503.444
503.466
503.468
503.459
503.449
503.46
503.479
503.466
503.455
503.473
503.453
503.431
503.438
503.449
503.442
503.448
503.439
503.424
503.414
503.412
503.413
503.419
503.408
503.405
503.403
503.391
503.397
503.407
503.396
503.397
503.4
503.398
503.394
503.384
503.383
503.367
503.371
503.359
503.384
503.365
503.353
503.362
503.359
503.383
503.388
503.396
503.394
503.375
503.348
503.341
503.365
503.361
503.367
503.374
503.375
503.381
503.405
503.407
503.407
503.419
503.437
503.43
503.442
503.422
503.423
503.439
503.455
503.435
503.414
503.416
503.437
503.432
503.432
503.425
503.409
503.401
503.384
503.384
503.379
503.378
503.356
503.344
503.35
503.353
503.347
503.35
503.331
503.343
503.352
503.36
503.37
503.376
503.373
503.375
503.372
503.39
503.373
503.355
503.348
503.359
503.377
503.393
503.375
503.368
503.359
503.37
503.353
503.343
503.329
503.325
503.326
503.321
503.328
503.333
503.312
503.322
503.321
503.309
503.286
503.294
503.294
503.299
503.297
503.284
503.285
503.29
503.28
503.265
503.282
503.264
503.279
503.277
503.28
503.295
503.299
503.295
503.295
503.29
503.28
503.269
503.269
503.28
503.278
503.274
503.275
503.287
503.285
503.282
503.272
503.267
503.256
503.242
503.23
503.21
503.217
503.205
503.213
503.231
503.242
503.25
503.265
503.244
503.26
503.264
503.264
503.272
503.26
503.245
503.249
503.246
503.239
503.24
503.217
503.203
503.209
503.229
503.235
503.232
503.233
503.23
503.229
503.227
503.221
503.223
503.236
503.244
503.261
503.259
503.266
503.251
503.255
503.245
503.238
503.246
503.259
503.263
503.243
503.246
503.233
503.224
503.206
503.226
503.212
503.201
503.181
503.2
503.213
503.223
503.228
503.23
503.231
503.224
503.24
503.246
503.247
503.242
503.24
503.233
503.226
503.218
503.212
503.229
503.25
503.257
503.273
503.267
503.262
503.24
503.244
503.234
503.253
503.262
503.26
503.244
503.239
503.24
503.25
503.252
503.273
503.263
503.256
503.238
503.254
503.254
503.272
503.268
503.258
503.253
503.265
503.244
503.256
503.264
503.257
503.247
503.237
503.22
503.214
503.208
503.219
503.237
503.218
503.212
503.217
503.221
503.239
503.233
503.23
503.228
503.231
503.239
503.243
503.239
503.249
503.267
503.287
503.272
503.285
503.287
503.289
503.304
503.296
503.283
503.294
503.281
503.287
503.295
503.298
503.311
503.316
503.317
503.302
503.304
503.321
503.307
503.296
503.313
503.302
503.291
503.292
503.297
503.301
503.303
503.301
503.31
503.299
503.312
503.323
503.315
503.332
503.327
503.338
503.345
503.337
503.331
503.325
503.308
503.315
503.32
503.3
503.305
503.301
503.299
503.312
503.295
503.277
503.292
503.299
503.299
503.306
503.307
503.299
503.291
503.301
503.288
503.279
503.273
503.269
503.261
503.276
503.277
503.271
503.262
503.281
503.262
503.266
503.254
503.241
503.23
503.224
503.236
503.232
503.225
503.224
503.238
503.221
503.239
503.256
503.258
503.237
503.227
503.219
503.209
503.223
503.221
503.222
503.221
503.202
503.18
503.183
503.19
503.183
503.184
503.184
503.189
503.178
503.183
503.187
503.203
503.221
503.225
503.245
503.244
503.249
503.248
503.239
503.233
503.233
503.233
503.243
503.251
503.262
503.269
503.281
503.294
503.285
503.276
503.27
503.266
503.272
503.269
503.251
503.258
503.249
503.24
503.23
503.232
503.223
503.214
503.202
503.218
503.208
503.192
503.197
503.191
503.194
503.198
503.211
503.206
503.221
503.22
503.239
503.233
503.237
503.222
503.208
503.204
503.212
503.202
503.202
503.205
503.19
503.184
503.194
503.195
503.187
503.195
503.204
503.2
503.202
503.209
503.21
503.218
503.215
503.221
503.214
503.208
503.205
503.199
503.215
503.221
503.209
503.213
503.201
503.195
503.204
503.201
503.201
503.201
503.198
503.202
503.204
503.219
503.237
503.242
503.236
503.24
503.244
503.235
503.248
503.248
503.249
503.264
503.261
503.244
503.243
503.242
503.252
503.242
503.247
503.256
503.25
503.256
503.261
503.252
503.255
503.26
503.259
503.251
503.258
503.258
503.254
503.245
503.238
503.252
503.258
503.267
503.252
503.255
503.253
503.241
503.23
503.219
503.217
503.232
503.242
503.227
503.221
503.229
503.235
503.228
503.243
503.262
503.267
503.278
503.285
503.28
503.272
503.256
503.252
503.242
503.256
503.263
503.246
503.25
503.265
503.27
503.269
503.248
503.259
503.262
503.272
503.286
503.281
503.267
503.263
503.268
503.278
503.284
503.285
503.288
503.277
503.283
503.301
503.294
503.289
503.305
503.305
503.314
503.316
503.327
503.334
503.332
503.324
503.32
503.315
503.332
503.317
503.317
503.301
503.319
503.329
503.328
503.342
503.354
503.369
503.363
503.35
503.355
503.345
503.345
503.344
503.341
503.357
503.36
503.348
503.334
503.342
503.349
503.346
503.355
503.347
503.33
503.333
503.32
503.314
503.323
503.328
503.327
503.325
503.322
503.33
503.332
503.328
503.328
503.327
503.329
503.34
503.354
503.353
503.359
503.357
503.36
503.371
503.382
503.374
503.364
503.355
503.361
503.374
503.366
503.352
503.344
503.35
503.36
503.375
503.376
503.373
503.373
503.365
503.362
503.353
503.353
503.347
503.328
503.325
503.322
503.318
503.311
503.313
503.304
503.309
503.302
503.296
503.296
503.298
503.291
503.282
503.27
503.28
503.282
503.271
503.274
503.287
503.279
503.278
503.279
503.272
503.283
503.276
503.266
503.282
503.296
503.298
503.29
503.302
503.295
503.286
503.277
503.268
503.275
503.285
503.276
503.262
503.269
503.285
503.276
503.27
503.271
503.275
503.262
503.256
503.249
503.262
503.253
503.239
503.225
503.232
503.216
503.222
503.224
503.226
503.235
503.236
503.236
503.24
503.24
503.239
503.233
503.243
503.251
503.26
503.262
503.261
503.268
503.28
503.274
503.283
503.292
503.298
503.29
503.305
503.297
503.296
503.303
503.294
503.303
503.302
503.301
503.295
503.303
503.309
503.315
503.321
503.317
503.325
503.334
503.325
503.326
503.316
503.305
503.291
503.289
503.295
503.287
503.287
503.285
503.286
503.298
503.288
503.285
503.289
503.29
503.292
503.292
503.278
503.274
503.274
503.275
503.276
503.27
503.272
503.274
503.28
503.27
503.265
503.263
503.269
503.265
503.27
503.266
503.279
503.289
503.29
503.277
503.29
503.287
503.297
503.298
503.289
503.281
503.291
503.304
503.293
503.292
503.291
503.299
503.293
503.291
503.273
503.277
503.268
503.265
503.273
503.272
503.269
503.263
503.259
503.247
503.253
503.268
503.264
503.258
503.244
503.242
503.241
503.238
503.245
503.251
503.238
503.229
503.245
503.229
503.231
503.236
503.228
503.233
503.24
503.232
503.237
503.234
503.224
503.239
503.246
503.249
503.25
503.258
503.255
503.253
503.268
503.279
503.283
503.275
503.257
503.259
503.257
503.247
503.237
503.237
503.241
503.243
503.246
503.234
503.232
503.235
503.22
503.217
503.215
503.215
503.22
503.215
503.215
503.208
503.215
503.208
503.204
503.215
503.212
503.208
503.2
503.196
503.193
503.182
