71.3577
46.9727
34.8302
37.5044
58.0754
50.2636
45.783
43.6415
38.8722
35.0748
32.0525
30.0596
30.7547
32.4139
32.6152
35.9214
34.1607
32.5203
31.8058
30.4681
29.2178
28.0285
27.0506
26.8646
25.8993
26.1321
25.3522
26.1238
26.2482
26.5544
25.8473
25.4565
25.1106
27.5823
27.467
26.7894
26.1792
26.4544
25.7904
26.2521
26.0313
28.4773
28.5846
28.4269
28.1602
28.2427
28.0827
27.5093
27.0809
26.8361
26.3159
25.907
26.1546
25.7727
26.0611
26.1453
26.1706
26.8639
26.4086
26.1041
25.9454
25.9378
25.5644
25.2026
24.9582
24.8541
24.7041
24.9531
24.9188
24.7043
25.7222
25.7778
27.4461
27.2758
27.0998
26.7527
26.4655
26.5958
26.2663
26.0703
25.7484
25.4761
25.5015
25.3656
25.7197
25.4906
25.208
24.9844
25.1153
25.2433
25.0168
25.0675
24.9745
25.1109
25.3546
25.5655
25.354
26.2739
26.4291
26.2201
26.0468
26.4583
26.4688
26.4407
26.8685
26.6377
27.5711
27.5429
27.4717
27.268
27.0441
26.9218
26.7105
26.6581
26.5691
26.4102
26.2317
26.3733
26.5236
26.3028
27.4495
27.3163
27.8667
27.9374
28.0896
27.9406
27.9722
27.9453
27.7372
27.5595
27.3782
27.1847
28.1081
28.5929
28.661
28.4783
28.442
28.3605
28.6108
28.6857
29.6712
29.5509
29.3493
29.254
29.5921
29.7017
29.7656
30.7682
30.6163
30.4123
30.4536
30.2712
30.2468
30.0777
30.0616
30.0595
29.8738
30.311
30.3074
30.297
30.2008
30.0544
29.9862
30.0897
30.1294
29.9513
29.8241
29.6854
30.0491
30.0346
29.9135
30.5148
31.1914
31.0259
30.8607
31.3663
31.2288
32.7053
32.5649
32.4097
32.3042
32.1683
31.9936
32.0059
31.834
31.8798
32.3739
32.2218
32.083
32.0331
31.8995
31.7344
31.7661
31.7786
31.8703
31.9069
31.9562
31.7964
31.7112
31.5554
31.5305
31.4041
31.3959
31.4336
31.2988
31.7286
31.719
31.7729
31.7792
31.6721
31.5226
31.3901
31.3981
31.4399
31.4698
31.4078
31.4432
31.3131
31.2184
31.0938
31.1534
31.1892
31.1549
31.1084
31.1121
31.1012
30.981
31.0819
31.076
30.9418
30.8118
30.7681
30.759
30.7085
30.5802
30.6439
30.5359
30.4106
30.3902
30.3535
30.286
30.1654
30.2286
30.5781
30.5379
30.5016
30.3855
30.3429
30.3361
30.2838
30.235
30.626
30.92
30.9377
31.2045
31.1404
31.0896
30.9762
30.9934
31.0246
30.9079
30.8761
30.7589
31.1302
31.4013
31.3479
31.2548
31.1644
31.4017
31.3115
31.4118
31.4894
31.6172
31.556
31.4439
31.4153
31.4129
31.4108
31.3385
31.2281
31.2389
31.2624
31.2457
31.1992
31.1183
31.0228
30.9308
30.8985
30.8124
31.0683
30.9622
31.2229
31.3056
31.3633
31.3615
31.4379
31.3402
31.2682
31.2744
31.1971
31.1887
31.2067
31.1847
31.1388
31.0653
30.9775
31.1036
31.0085
31.0471
30.9569
30.8912
30.8873
30.9096
30.8273
30.7308
30.9856
30.9561
30.9157
31.0168
31.0707
30.9742
30.9453
31.7178
31.6487
31.8318
31.8319
31.8096
31.7231
31.6925
31.7149
31.6305
31.58
31.6181
31.7473
31.738
31.7108
31.7015
31.6494
31.6314
31.7195
31.6318
31.8897
32.293
32.1992
32.112
32.102
32.0545
32.0072
31.9647
31.9378
32.2333
32.2493
32.1624
32.125
32.217
32.1477
32.3872
32.3097
32.2439
32.1545
32.067
32.0382
32.0682
31.9867
31.9806
32.0881
32.0788
32.0877
32.1134
32.1161
32.0854
32.1076
32.0796
32.2746
32.1885
32.2103
32.1272
32.3769
32.4013
32.3457
32.2611
32.1768
32.1676
32.2696
32.1862
32.3489
32.3696
32.3494
32.2856
32.2062
32.1279
32.047
31.9662
31.8851
31.8121
31.7692
31.7391
31.7484
31.6711
31.7745
31.7079
31.6428
31.8299
31.7938
31.8792
31.8222
31.8953
31.9459
32.0906
32.0258
31.9898
31.9817
32.0083
32.0054
31.9973
31.9639
31.9348
31.8752
31.8383
31.8036
31.83
31.8275
31.7544
31.8991
31.9545
31.9742
31.9768
32.1475
32.1694
32.1662
32.4627
32.7696
32.7357
32.7144
32.6413
32.5802
32.5127
32.5424
32.7075
32.6668
32.5944
32.7918
32.7754
32.7504
32.7067
32.7102
32.7481
32.7568
32.7342
32.6795
32.9396
32.9302
33.0225
33.0177
32.9907
32.925
32.8925
32.8338
32.8054
32.8391
32.7753
32.7109
32.6409
32.6153
32.6022
32.5413
32.4721
32.4033
32.4314
32.3798
32.3155
32.2479
32.1855
32.2027
32.1456
32.1824
32.3662
32.3456
32.2845
32.2704
32.2584
32.5129
32.5048
32.4392
32.4529
32.4199
32.3534
32.3573
32.2926
32.24
32.2203
32.1642
32.1307
32.1303
32.0672
32.0603
32.0647
32.0035
31.9723
32.1524
32.0883
32.0336
32.1051
32.1346
32.0829
32.0231
31.96
31.9119
31.8993
31.9109
31.8984
31.8428
32.0498
32.0659
32.0173
32.0599
32.0415
32.0329
32.2509
32.2286
32.4053
32.3436
32.3072
32.2943
32.2401
32.184
32.2094
32.2836
32.2231
32.2669
32.2371
32.1776
32.1193
32.0686
32.0132
32.1343
32.3448
32.3122
32.2685
32.2638
32.2696
32.2483
32.191
32.1806
32.1245
32.0658
32.022
31.968
31.9491
31.9003
31.8752
31.9529
31.936
31.9262
31.8814
31.8522
31.8674
31.8717
31.8869
31.8669
31.8754
31.8398
31.7893
31.7696
31.7298
31.6947
31.647
31.6246
31.5823
31.535
31.483
31.4303
31.4415
31.3909
31.3382
31.4556
31.4688
31.4717
31.4391
31.4567
31.4105
31.4058
31.4277
31.3739
31.3542
31.3552
31.307
31.5088
31.4792
31.4819
31.4455
31.4502
31.4385
31.4433
31.4333
31.4184
31.4021
31.4689
31.4374
31.446
31.4506
31.4014
31.4005
31.4033
31.3514
31.3281
31.2771
31.2764
31.2562
31.2061
31.1641
31.1899
31.1412
31.137
31.1312
31.0814
31.0828
31.0958
31.1009
31.0509
31.3142
31.264
31.2531
31.2423
31.2072
31.3317
31.2905
31.3828
31.3603
31.3577
31.3092
31.3571
31.3375
31.3127
31.2761
31.2278
31.2033
31.1943
31.1902
31.3683
31.3339
31.381
31.3375
31.3195
31.3059
31.3679
31.3195
31.277
31.3388
31.3224
31.3047
31.3109
31.2772
31.2716
31.2893
31.2993
31.3904
31.5349
31.5445
31.5267
31.4931
31.4458
31.563
31.599
31.5645
31.5406
31.503
31.478
31.435
31.4262
31.3933
31.3541
31.3094
31.3009
31.3088
31.3048
31.3145
31.2686
31.2227
31.3763
31.3877
31.3734
31.3678
31.3384
31.2971
31.255
31.2527
31.2571
31.2685
31.4441
31.4499
31.4371
31.3952
31.3812
31.3941
31.4827
31.4802
31.8466
31.872
31.8278
31.7984
31.927
31.9027
31.8951
31.8606
31.827
31.8125
31.7761
31.9193
31.8754
31.8404
31.8056
31.7741
31.7639
31.721
31.6832
31.6607
31.6729
31.6764
31.6422
31.62
31.6189
31.7564
31.7159
31.6885
31.6889
31.6832
31.6762
31.7194
31.7182
31.6766
31.6919
31.6528
31.7092
31.7244
31.7216
31.8442
31.8413
31.8415
31.8003
31.8963
31.8713
31.9435
31.9362
31.8985
31.8613
31.8267
31.803
31.7617
31.7575
31.7534
31.745
31.7258
31.7149
31.7298
31.7735
31.7336
31.6945
31.6776
31.6362
31.7144
31.7326
31.7359
31.717
31.7581
31.8702
31.8568
31.8219
31.7829
31.7501
31.7187
31.6897
31.6791
31.6472
31.6799
31.6475
31.6409
31.6318
31.5929
31.5567
31.6034
31.5661
31.5334
31.5197
31.4843
31.5093
31.5289
31.489
31.5002
31.4662
31.4742
31.4448
31.4386
31.4338
31.3972
31.41
31.3715
31.3548
31.3341
31.3863
31.3944
31.395
31.4094
31.4144
31.3765
31.3541
31.3275
31.2896
31.2526
31.2314
31.2036
31.2133
31.1932
31.1549
31.12
31.1156
31.1167
31.0797
31.0895
31.0707
31.0916
31.0543
31.1871
31.1518
31.2245
31.2012
31.3084
31.3178
31.4465
31.4925
31.4904
31.4845
31.5449
31.5365
31.502
31.5189
31.4989
31.4918
31.4545
31.4176
31.4209
31.3876
31.3831
31.3549
31.5131
31.6532
31.6186
31.5845
31.5786
31.5817
31.5446
31.6101
31.5807
31.6069
31.6233
31.5864
31.5843
31.586
31.5744
31.808
31.815
31.7962
31.9389
32.0259
31.9893
31.9796
31.9438
31.9163
31.8835
31.9872
31.9775
31.9448
31.9362
31.905
31.905
31.9237
31.9333
31.9284
31.9454
32.0403
32.0652
32.0409
32.0159
31.9859
32.0485
32.0208
32.0985
32.09
32.0651
32.0788
32.0429
32.0093
31.9807
31.948
31.9153
31.8798
31.8576
31.8273
31.7949
31.7761
31.7498
31.7148
31.7258
31.8046
31.7943
31.7933
31.7864
31.7534
31.7657
31.7309
31.7586
31.7862
31.7653
31.7789
31.7882
31.7555
31.7209
31.9429
31.9877
32.0084
32.0189
32.0336
31.9991
31.9665
31.9471
31.9471
31.9159
32.0083
31.9775
31.9486
31.9375
31.9236
31.9488
31.9488
31.9551
31.9461
31.919
31.8855
31.8636
31.8377
31.8403
31.8416
31.8871
31.8541
31.8204
31.7912
31.8539
31.8683
31.8708
31.8824
31.867
31.8393
31.8127
31.7838
31.7876
31.7751
31.7695
31.7368
31.7037
31.6811
31.6825
31.6889
31.6825
31.7462
31.7329
31.7171
31.726
31.7048
31.7722
31.751
31.7245
31.694
31.6654
31.7919
31.8047
31.7732
31.7421
31.7248
31.7797
31.7684
31.7412
31.7096
31.721
31.829
31.8247
31.8754
31.8826
31.8992
31.9028
31.9052
31.9163
31.9198
31.9067
31.8755
31.8662
31.8662
31.8424
31.8392
31.844
31.8123
31.7818
31.7532
31.8568
31.951
31.9262
31.9273
31.923
31.9707
31.9578
32.1563
32.1886
32.2045
32.1999
32.2562
32.2298
32.233
32.2448
32.2254
32.1939
32.1665
32.1404
32.1105
32.1348
32.1144
32.0868
32.0948
32.0936
32.0624
32.0326
32.0023
31.9864
31.9996
31.9914
31.974
31.9432
31.9298
31.8991
31.9292
31.9315
31.9021
31.8717
31.8444
31.8384
31.8174
31.8133
31.7849
31.7549
31.7329
31.7074
31.6892
31.8065
31.8158
31.8159
31.8063
31.8043
31.7848
31.8031
31.773
31.743
31.7574
31.7506
31.7208
31.7231
31.6969
31.6686
31.6507
31.6589
31.6495
31.6553
31.7482
31.7463
31.7291
31.6997
31.6703
31.6628
31.6444
31.6211
31.5988
31.6012
31.5886
31.5675
31.5408
31.5134
31.5159
31.5051
31.5088
31.4941
31.4738
31.5104
31.4996
31.4724
31.5398
31.635
31.7217
31.7369
31.7101
31.6877
31.6967
31.6843
31.672
31.6567
31.6601
31.6669
31.6604
31.6505
31.6487
31.6291
31.6007
31.6
31.5716
31.5546
31.595
31.575
31.5621
31.5548
31.5967
31.6057
31.5875
31.5964
31.5789
31.6518
31.7247
31.7346
31.7065
31.7189
31.6921
31.6745
31.6682
31.6546
31.6635
31.6679
31.6436
31.6178
31.6073
31.8036
31.8429
31.8515
31.8237
31.7969
31.8079
31.7818
31.784
31.7832
31.7557
31.7292
31.7861
31.7781
31.7548
31.7668
31.7405
31.7131
31.7028
31.691
31.7007
31.7752
31.7547
31.8253
31.8383
31.8457
31.8198
31.8052
31.778
31.7996
31.7727
31.77
31.759
31.7503
31.7365
31.7109
31.6852
31.6884
31.6669
31.6754
31.6563
31.6349
31.6333
31.6166
31.5998
31.593
31.567
31.5449
31.5786
31.5525
31.5285
31.5233
31.5218
31.5315
31.5209
31.5184
31.6079
31.6054
31.6048
31.6041
31.5779
31.5842
31.5633
31.5452
31.7419
31.719
31.7294
31.7036
31.6937
31.6862
31.6686
31.6688
31.6562
31.6398
31.6218
31.6143
31.589
31.5983
31.5724
31.57
31.5478
31.61
31.6122
31.6011
31.6082
31.6315
31.6308
31.6275
31.6164
31.6083
31.5952
31.5707
31.6209
31.627
31.622
31.6044
31.584
31.5644
31.5508
31.5253
31.5083
31.5165
31.507
31.5228
31.5011
31.6068
31.6003
31.5756
31.5502
31.5626
31.557
31.5347
31.5106
31.5467
31.5419
31.5531
31.5444
31.5194
31.5207
31.5238
31.5224
31.5201
31.513
31.5152
31.5509
31.5579
31.533
31.5101
31.5801
31.5738
31.5518
31.5363
31.5307
31.5328
31.5197
31.5126
31.5315
31.5209
31.502
31.4861
31.5174
31.5143
31.5156
31.4923
31.5023
31.4961
31.5383
31.5142
31.4926
31.4986
31.4902
31.4729
31.4788
31.4684
31.487
31.5154
31.5855
31.5793
31.5646
31.5406
31.5943
31.5807
31.581
31.5779
31.5718
31.5961
31.6018
31.6013
31.6061
31.6303
31.685
31.6693
31.6537
31.6547
31.6444
31.6381
31.641
31.6313
31.6275
31.6063
31.5987
31.5854
31.6336
31.7216
31.6976
31.69
31.7175
31.6961
31.6827
31.6641
31.718
31.7006
31.6967
31.6969
31.6831
31.7873
31.7938
31.789
31.7875
31.7792
31.7885
31.7689
31.7599
31.7627
31.7537
31.7384
31.7157
31.7222
31.6988
31.6801
31.7047
31.7111
31.7023
31.7156
31.7859
31.7746
31.7739
31.7541
31.7518
31.7285
31.7062
31.6846
31.6664
31.8305
31.823
31.8088
31.7975
31.8029
31.8005
31.8041
31.7845
31.7799
31.8064
31.8118
31.8623
31.8434
31.8211
31.8255
31.8028
31.8119
31.7915
31.7752
31.7521
31.7428
31.7375
31.733
31.7357
31.7246
31.729
31.7074
31.7313
31.7214
31.7464
31.8147
31.7977
31.7787
31.7814
31.7823
31.7631
31.745
31.8246
31.8124
31.8419
31.8231
31.8006
31.8834
31.8613
31.8389
31.8683
31.8489
31.8277
31.8311
31.8142
31.7919
31.8262
31.9015
31.9719
31.9597
31.9437
31.9413
31.9421
31.9311
31.9088
31.9853
31.9949
31.9732
31.9929
31.9793
31.96
31.9642
31.9597
31.9488
31.9436
31.9269
32.0062
31.9849
31.9678
32.0913
32.0874
32.0744
32.0629
32.0454
32.0852
32.0851
32.0693
32.0475
32.0257
32.0056
31.9863
31.9903
31.9682
32.1177
32.1146
32.11
32.1174
32.1021
32.1281
32.1107
32.0988
32.1003
32.1153
32.1168
32.1123
32.0954
32.0755
32.1002
32.1618
32.1461
32.1535
32.1438
32.2145
32.21
32.1886
32.1821
32.1708
32.1722
32.1713
32.1553
32.1508
32.1477
32.1432
32.1431
32.1213
32.1051
32.1082
32.0865
32.0733
32.0583
32.0666
32.0493
32.0318
32.0106
31.9894
31.9986
32.0683
32.0773
32.0561
32.0356
32.0269
32.0284
32.0291
32.0095
32.0569
32.0358
32.0431
32.0461
32.031
32.0294
32.0109
32.0636
32.0527
32.0345
32.05
32.0573
32.0654
32.1518
32.1317
32.1388
32.1804
32.1795
32.1643
32.1454
32.199
32.1945
32.1921
32.1927
32.1834
32.168
32.1657
32.1702
32.1491
32.1308
32.137
32.1167
32.2004
32.1967
32.183
32.1625
32.1687
32.1482
32.1445
32.1338
32.1408
32.1486
32.1591
32.1494
32.1318
32.1332
32.1197
32.1057
32.0961
32.0906
32.081
32.0748
32.0786
32.0584
32.0385
32.0242
32.0181
32.0133
31.9927
31.9746
32.0368
32.0257
32.0067
32.0032
31.9876
31.9734
31.9645
31.9509
31.9425
31.944
31.965
32.1151
32.1188
32.0983
32.0789
32.0711
32.0534
32.0555
32.0849
32.0918
32.0909
32.0706
32.0792
32.0861
32.0853
32.0874
32.0734
32.0615
32.0676
32.0475
32.0311
32.0264
32.0187
32.0393
32.02
32.0671
32.0525
32.072
32.0772
32.0771
32.0694
32.1837
32.1641
32.144
32.1242
32.1092
32.0965
32.1446
32.166
32.1465
32.1296
32.1249
32.1115
32.0947
32.0788
32.1504
32.1412
32.1213
32.1154
32.096
32.1424
32.1225
32.1343
32.1363
32.1256
32.1235
32.1234
32.1246
32.1695
32.1829
32.192
32.1886
32.192
32.1995
32.1966
32.1792
32.1596
32.1623
32.1665
32.155
32.1486
32.1366
32.1387
32.1414
32.1413
32.1385
32.255
32.2509
32.2325
32.2146
32.2922
32.3234
32.3603
32.3516
32.3405
32.3282
32.3286
32.3205
32.3231
32.3126
32.3003
32.2888
32.2944
32.2993
32.2799
32.2653
32.2544
32.281
32.2801
32.2799
32.2609
32.2415
32.2456
32.2272
32.2203
32.2012
32.2236
32.2053
32.1899
32.1878
32.1686
32.153
32.1371
32.1239
32.1182
32.1209
32.1126
32.1994
32.2006
32.1837
32.181
32.1658
32.1574
32.1481
32.1353
32.1748
32.2474
32.256
32.2436
32.2291
32.2212
32.2085
32.2017
32.3143
32.304
32.2894
32.2949
32.2789
32.2768
32.3361
32.3848
32.3888
32.3934
32.3777
32.3593
32.3473
32.3285
32.3207
32.3034
32.3089
32.2904
32.2785
32.2751
32.2821
32.312
32.3032
32.3299
32.3284
32.3112
32.3117
32.3201
32.3083
32.2897
32.3163
32.3232
32.3256
32.3302
32.3313
32.3359
32.322
32.3103
32.31
32.3014
32.2875
32.2842
32.2667
32.3208
32.3157
32.3057
32.3048
32.3809
32.3708
32.3599
32.342
32.3259
32.335
32.3283
32.3139
32.3137
32.3623
32.4049
32.4046
32.4106
32.4073
32.4083
32.4257
32.4158
32.3983
32.4021
32.4332
32.4191
32.4471
32.4295
32.5059
32.5009
32.4825
32.4877
32.4705
32.454
32.4436
32.4341
32.4198
32.4108
32.3963
32.4272
32.4282
32.4156
32.4857
32.4678
32.5323
32.5278
32.5268
32.5087
32.5414
32.5272
32.5275
32.5473
32.5317
32.5296
32.5368
32.5329
32.5244
32.5183
32.5428
32.5383
32.5688
32.5638
32.5557
32.5542
32.5427
32.5367
32.5242
32.5068
32.5041
32.4866
32.4692
32.4722
32.4647
32.4499
32.4327
32.4149
32.4172
32.4129
32.408
32.3938
32.3805
32.3767
32.3713
32.3542
32.3565
32.345
32.3391
32.3216
32.3233
32.3523
32.354
32.3365
32.325
32.3118
32.2943
32.3204
32.3058
32.2912
32.2929
32.3238
32.3124
32.296
32.279
32.302
32.3645
32.3472
32.331
32.3195
32.3024
32.2906
32.2779
32.2829
32.2853
32.2845
32.2813
32.2737
32.2578
32.2526
32.2484
32.2854
32.2687
32.2571
32.2422
32.2306
32.2166
32.213
32.2135
32.2165
32.1992
32.1931
32.1808
32.1661
32.1527
32.1606
32.1435
32.1411
32.1242
32.123
32.1211
32.1368
32.1247
32.1234
32.1155
32.1011
32.101
32.1284
32.1126
32.1114
32.1058
32.0963
32.1474
32.1307
32.1174
32.1014
32.0985
32.099
32.0847
32.1011
32.0873
32.076
32.07
32.0591
32.0424
32.0649
32.0482
32.0322
32.0183
32.0138
32.0188
32.012
32.0157
32.0157
32.0156
32.0234
32.0104
32.0258
32.0264
32.0582
32.0523
32.0522
32.0772
32.0951
32.1028
32.0923
32.0883
32.0844
32.0785
32.0643
32.0741
32.0614
32.1413
32.127
32.1193
32.1256
32.1126
32.1033
32.1063
32.09
32.078
32.0707
32.0564
32.0849
32.0836
32.0934
32.0772
32.0749
32.0632
32.0481
32.0475
32.1105
32.0943
32.0955
32.0883
32.0783
32.0845
32.0691
32.0927
32.0932
32.084
32.0857
32.0845
32.0687
32.0611
32.0453
32.0357
32.03
32.0257
32.0098
32.0065
31.9946
31.9889
31.9938
31.998
31.9893
31.991
31.9751
31.9781
31.9694
31.956
31.941
31.9289
31.9203
31.9221
31.927
31.946
31.9478
31.9501
31.9354
31.9221
31.9156
31.9211
31.9052
31.8915
31.8855
31.8904
31.8877
31.877
31.8626
31.8473
31.8349
