269.552
181.996
291.312
386.421
329.466
309.509
362.475
414.593
372.637
397.783
362.787
332.85
308.31
295.704
333.936
318.609
344.088
377.955
382.888
379.911
364.165
349.765
334.87
322.009
311.213
339.573
336.031
329.449
320.09
315.602
319.086
309.25
315.059
311.218
314.828
307.399
329.208
321.131
318.007
317.817
314.902
310.276
307.185
300.359
294.138
287.766
282.09
278.818
293.484
289.702
285.379
279.952
278.324
275.527
277.278
276.354
272.41
272.228
268.27
266.073
268.613
264.67
260.964
257.295
255.546
256.538
252.833
249.169
246.626
243.286
239.88
241.19
239.154
236.525
235.14
232.783
229.824
228.434
229.208
226.389
223.606
223.802
221.106
220.449
219.124
218.926
216.414
224.792
225.356
222.873
220.783
222.915
220.811
218.666
219.706
221.873
222.121
220.659
228.126
231.645
232.673
232.928
233.189
234.633
232.99
238.179
236.35
234.424
232.274
232.784
230.692
237.314
238.215
236.127
234.082
234.406
237.13
235.122
237.834
238.237
238.182
236.848
241.379
239.52
243.928
244.029
242.335
244.824
247.472
246.388
246.718
244.921
244.123
242.345
244.129
247.084
247.563
249.432
248.619
247.841
246.712
245.018
243.441
241.962
240.85
245.168
245.833
244.483
242.842
241.481
246.955
245.426
244.109
245.074
244.127
242.921
241.392
240.931
240.872
239.395
237.908
240.2
238.769
242.294
242.266
241.135
240.245
239.461
238.045
236.738
236.076
234.712
234.078
237.473
241.779
241.108
239.831
238.927
238.063
238.249
237.072
235.935
237.921
238.432
237.384
236.859
235.908
234.798
236.659
239.895
238.643
237.757
236.773
236.006
234.901
237.91
236.78
238.092
238.582
237.599
236.896
236.088
234.925
235.615
236.362
235.229
236.512
236.058
234.959
234.563
234.377
234.055
232.974
231.888
230.895
229.89
229.038
230.171
229.859
230.306
229.41
228.4
228.343
227.511
228.407
227.754
227.713
227.504
228.905
230.778
229.963
229.54
231.002
230.244
230.008
232.126
231.205
232.518
233.476
232.686
232.656
236.439
235.989
235.108
236.145
235.853
236.67
235.926
234.98
234.129
233.202
233.191
233.966
233.061
232.906
233.395
232.609
233.046
232.413
231.783
230.895
230.641
230.038
229.348
228.677
230.595
231.308
230.518
229.747
228.977
228.983
228.371
228.925
228.776
228.969
228.311
227.486
226.725
226.654
227.508
226.894
227.778
227.32
226.836
228.967
228.32
227.818
228.105
229.112
229.622
229.597
230.143
229.575
229.826
229.203
228.451
228.579
229.652
228.884
230.512
231.641
233.273
232.577
233.445
234.322
233.72
233.216
234.234
235.649
236.02
237.876
238.724
238.844
239.608
239.237
238.702
237.957
237.554
236.836
236.106
235.371
235.014
235.111
238.141
237.471
238.203
238.119
238.023
237.676
237.194
236.998
236.712
236.091
235.482
235.755
235.54
234.877
234.328
233.902
233.217
235.52
234.997
237.074
238.635
237.995
238.076
237.52
237.921
237.286
236.609
236.256
235.594
235.01
236.142
235.752
235.441
235.453
235.689
235.448
234.807
236.404
235.984
235.461
235.211
234.697
234.648
234.24
235.368
236.204
235.578
235.421
235.174
235.32
234.782
234.372
233.816
233.7
233.081
232.525
232.496
231.915
231.419
230.9
230.299
230.389
230.959
231.471
230.876
230.851
230.502
230.933
230.61
230.05
229.467
229.177
230.935
230.366
230.181
230.52
231.864
231.894
232.125
231.647
232.062
231.493
231.338
230.915
230.42
231.251
230.945
230.434
231.095
231.126
230.733
230.245
230.522
231.273
231.462
231.725
231.754
231.989
232.022
233.049
232.636
234.347
234.682
234.163
235.086
234.563
234.723
234.954
234.424
234.498
234.328
234.701
234.318
233.788
233.259
232.978
233.803
234.31
235.355
234.831
234.751
235.133
236.062
236.265
235.785
237.058
236.538
236.091
235.58
235.814
235.955
235.706
237.368
238.686
239.425
239.95
240.651
240.144
240.026
240.294
239.777
239.64
239.327
239.678
240.904
240.513
241.27
242.18
242.555
242.372
241.861
241.381
241.252
240.771
240.419
240.302
239.84
239.367
238.883
238.754
238.714
239.923
239.82
239.861
239.586
239.096
239.097
238.619
238.189
237.924
237.937
237.581
237.219
237.108
236.64
236.913
237.101
238.15
237.879
238.298
238.506
238.056
237.653
237.787
237.32
236.927
236.515
236.13
236.872
236.777
236.317
236.192
235.879
235.944
236.476
236.025
235.636
235.392
235.425
235.343
234.951
234.62
234.212
234.548
234.917
234.808
235.252
234.973
234.649
234.252
233.898
233.509
233.114
233.526
234.646
234.252
235.111
236.383
236.058
235.707
235.429
235.01
234.593
234.243
233.826
233.644
233.94
233.556
233.371
233.079
233.479
233.061
232.687
232.694
232.671
232.254
231.874
231.553
231.199
230.797
230.59
230.186
231.41
231.154
230.857
231.897
232.743
232.407
232.278
232.256
232.673
232.724
232.614
232.259
231.982
232.203
232.171
231.854
231.582
231.879
231.527
231.185
231.669
231.574
231.232
231.118
231.283
231.181
232.662
232.422
232.062
232.936
232.553
232.224
231.907
231.6
231.6
231.214
231.054
230.779
230.726
230.799
231.034
230.879
230.5
230.413
230.037
229.667
229.352
229.041
228.671
229.008
228.754
228.973
229.686
229.462
229.115
229.52
229.236
229.28
230.194
229.827
229.499
229.151
229.055
228.695
228.359
228.569
229.512
229.481
229.625
229.619
229.738
229.716
230.87
230.594
231.098
230.746
230.482
230.351
230.376
230.06
229.877
229.74
229.409
229.056
228.703
228.366
229.185
229.352
229.804
229.479
229.412
229.552
229.479
229.136
229.484
229.482
229.376
230.139
230.096
229.863
229.984
229.662
229.961
229.825
229.495
229.756
229.557
229.237
229.793
231.143
230.813
230.749
231.797
232.094
232.352
233.196
232.907
233.993
233.955
234.848
235.299
234.999
234.867
235.779
235.954
236.34
237.13
236.845
236.557
237.47
237.147
236.984
236.687
236.421
236.873
237.017
236.764
236.809
237.486
237.156
238.085
237.958
237.705
237.51
237.259
237.268
236.962
237.25
236.953
236.737
237.062
236.819
237.053
236.769
236.498
237.839
237.514
237.252
237.01
237.588
237.279
237.249
237.164
237.148
237.083
236.891
236.618
236.296
235.982
236.248
236.439
236.448
236.741
236.86
236.779
236.459
236.16
236.186
236.063
235.777
235.466
235.537
235.283
235.537
235.338
235.651
235.412
235.117
236.005
235.803
235.552
236.026
235.909
236.662
236.785
236.74
236.447
236.145
236.699
236.571
237.198
236.997
237.361
237.558
237.25
237.804
237.583
237.275
237.009
236.746
236.515
236.267
236.099
235.952
236.092
236.572
236.274
236.484
236.316
236.713
237.548
237.282
237.005
236.706
237.237
237.043
236.909
236.622
237.282
237.004
236.777
236.672
236.692
236.405
236.507
236.413
236.336
237.356
237.267
237.094
236.824
236.716
237.451
237.35
237.171
237.334
237.161
237.541
237.577
237.468
237.178
236.89
236.871
236.713
236.707
236.435
236.259
236.21
235.923
236.533
236.247
235.974
236.238
236.182
235.95
235.954
235.85
236.027
236.417
236.199
236.7
236.508
236.495
236.53
236.269
236.458
236.229
236.263
236.213
235.934
236.461
236.434
236.157
236.45
236.926
236.665
236.409
236.211
236.117
235.923
235.746
235.583
236.153
236.13
236.196
236.1
235.827
236.417
236.144
236.161
235.948
235.828
235.754
235.679
235.577
235.481
235.248
234.993
234.827
235.473
235.208
234.955
234.705
234.803
234.537
234.307
234.101
234.421
234.869
234.909
235.394
235.574
235.313
235.067
234.91
234.838
235.34
235.143
234.989
234.73
235.013
234.92
234.719
234.903
234.774
234.514
234.281
234.682
234.423
234.547
234.377
234.119
234.41
234.169
234.014
233.926
233.687
233.51
233.984
233.808
233.977
233.794
233.551
233.608
233.431
234.249
234.229
234.216
234.454
234.203
234.101
233.877
233.643
233.54
233.346
233.266
233.133
232.903
232.709
232.514
232.316
232.734
232.76
232.775
232.53
232.293
232.904
233.356
233.519
233.282
233.525
233.301
233.082
232.848
233.033
232.881
232.64
232.505
232.876
232.972
233.031
232.812
232.852
232.638
232.447
232.291
232.312
232.107
232.004
231.803
232.051
231.842
231.832
232.088
231.993
232.005
231.96
232.363
232.38
232.606
232.372
232.429
232.821
232.584
232.863
232.912
232.713
232.565
232.816
232.833
232.654
232.418
232.183
232.342
232.107
231.971
232.549
232.354
232.151
231.932
231.836
231.636
231.778
231.757
232.136
231.971
231.742
231.511
231.427
231.566
231.884
232.156
232.005
231.913
231.795
231.58
231.799
231.609
231.396
231.19
231.021
231.352
231.149
231.537
231.316
231.439
231.84
232.145
231.918
232.221
232.58
232.403
232.181
232.783
232.85
232.693
232.689
232.485
232.618
232.596
232.578
232.565
232.57
233.294
233.182
233.606
233.453
233.292
233.851
234.249
234.201
234.241
234.403
234.233
234.384
234.677
234.51
234.385
234.296
234.441
234.652
234.445
234.42
234.341
234.399
234.797
234.596
234.557
234.411
234.2
234.326
234.116
233.957
233.906
234.459
234.431
234.219
234.113
233.983
233.775
233.565
233.498
234.008
233.984
234.016
233.812
233.597
233.383
233.175
233.589
233.595
233.385
233.184
233.02
232.831
232.724
232.511
232.305
232.463
232.266
232.076
231.881
231.928
231.804
231.843
231.749
231.708
231.633
231.424
232.193
231.983
231.775
232.104
232.691
232.779
232.634
232.948
232.82
232.79
232.787
232.579
232.411
232.285
232.078
232.16
231.97
232.432
233.031
232.828
233.151
233.024
233.121
233.165
232.969
233.356
233.155
232.98
232.789
232.859
232.978
232.795
233.056
232.886
232.929
232.727
232.563
232.828
232.631
232.435
232.276
232.379
232.669
232.928
232.872
232.703
232.973
232.895
232.696
232.621
232.67
232.485
232.285
232.637
232.712
233.077
232.882
232.757
232.663
232.589
232.833
232.825
232.766
232.963
233.208
233.581
233.442
233.399
233.261
233.111
232.999
233.052
232.958
232.768
232.573
232.424
232.359
232.178
231.985
231.949
231.801
231.734
231.685
231.492
231.307
231.116
230.937
230.868
230.674
230.777
230.599
230.56
231.086
231.289
231.257
231.146
230.964
231.516
231.349
231.252
231.066
231.293
232.019
231.871
232.361
232.188
232.044
231.92
231.73
231.587
232.07
231.887
231.697
231.697
231.919
231.796
231.806
232.107
231.919
232.034
232.175
232.459
232.803
232.619
233.002
232.842
232.653
232.515
232.618
232.522
232.664
232.476
232.317
232.13
232.535
232.512
232.375
232.199
232.062
231.888
232.13
232.12
232.036
231.944
231.884
231.746
231.577
231.404
231.235
231.459
231.612
231.812
231.685
231.642
231.886
232.027
232.254
232.122
232.054
232.053
232.231
232.171
232.243
232.08
231.898
231.745
231.624
231.477
231.826
231.775
231.594
231.615
232.105
232.017
231.836
231.688
231.512
231.535
231.355
231.205
231.131
231.256
231.463
231.723
231.851
231.675
231.509
231.595
231.438
231.277
231.098
230.961
230.905
230.873
230.696
230.685
230.513
230.356
230.18
230.215
230.048
229.881
229.84
229.69
229.674
229.768
229.778
230.09
229.969
229.97
229.866
230.156
230.131
230.05
230.155
230.557
230.73
230.577
230.403
230.316
230.339
230.473
230.319
230.157
230.043
229.872
230.384
230.479
230.345
230.736
230.607
230.446
230.276
230.117
229.946
229.779
229.669
229.504
229.583
229.48
229.71
229.543
229.444
229.604
229.461
229.44
229.329
229.254
229.291
229.152
229.549
229.399
229.479
229.415
229.709
230.118
230.213
230.209
230.602
230.957
231.007
230.97
230.839
230.674
230.51
230.413
230.577
230.469
230.303
230.166
230.009
229.908
229.794
229.723
229.607
229.835
230.283
230.193
230.38
230.262
230.133
230.607
230.458
230.417
230.724
230.674
230.511
230.699
230.572
230.408
230.363
230.203
230.671
230.636
230.538
230.84
231.041
230.876
231.158
231.015
230.98
230.857
230.911
231.381
231.432
231.357
231.27
231.229
231.21
231.446
231.332
231.222
231.22
231.538
231.881
231.777
231.659
231.517
231.781
231.663
231.512
231.357
231.211
231.132
230.998
230.859
230.852
231.156
231.55
231.676
231.753
231.596
231.443
231.589
231.512
231.588
231.59
231.672
231.57
231.502
231.353
231.438
231.316
231.158
231.291
231.138
231.393
231.511
231.551
231.836
231.861
231.858
231.7
231.58
231.447
231.295
231.149
231.123
231.135
231.222
231.231
231.164
231.458
231.334
231.371
231.278
231.215
231.099
231.01
231.277
231.205
231.081
231.462
231.34
231.203
231.055
231.14
231.416
231.711
231.867
231.797
231.642
231.569
231.415
231.359
231.287
231.263
231.33
231.308
231.2
231.073
230.997
231.152
231
230.902
230.866
231.25
231.625
231.493
231.551
231.632
231.661
231.56
231.625
231.495
231.423
231.27
231.417
231.707
232.022
232.306
232.163
232.727
232.702
232.653
232.666
232.835
232.689
232.536
232.386
232.773
233.368
233.235
233.162
233.088
232.937
232.785
232.673
232.723
232.61
232.487
232.746
233.073
232.945
233.399
233.248
233.137
232.989
232.97
232.873
232.722
232.571
232.567
232.516
232.555
232.484
232.574
232.698
232.674
232.663
232.555
232.431
232.34
232.208
232.533
232.462
232.463
232.443
232.432
232.288
232.254
232.229
232.32
232.571
232.574
232.849
232.752
232.667
232.538
232.413
232.546
232.446
232.667
232.521
232.9
232.796
232.67
232.878
233.03
232.913
232.863
232.868
232.721
232.587
232.778
232.682
232.67
232.526
232.476
232.442
232.421
232.299
232.156
232.1
231.957
231.918
231.794
231.708
231.643
231.552
231.418
231.34
231.627
231.535
231.613
231.492
231.577
231.489
231.485
231.358
231.214
231.071
230.939
230.819
230.683
230.876
231.297
231.192
231.115
231.001
230.885
230.878
231.01
230.869
230.728
230.995
230.872
231.186
231.049
230.909
230.943
230.97
230.881
230.856
230.77
230.696
230.593
230.574
230.45
230.344
230.205
230.168
230.102
229.962
229.846
229.841
229.783
229.962
229.895
229.876
230.126
230.008
229.878
229.943
230.013
230.071
229.939
230.177
230.197
230.434
230.358
230.318
230.254
230.207
230.477
230.904
230.811
230.873
230.812
230.704
230.686
230.97
230.858
230.88
231.092
231.028
231.356
231.246
231.478
231.387
231.254
231.855
231.923
231.799
231.827
232.02
231.923
232.092
231.98
231.885
231.899
231.841
231.705
231.591
231.658
231.589
231.976
231.915
231.817
232.115
231.98
232.002
231.873
231.927
231.872
231.738
231.714
231.603
231.522
231.924
232.164
232.029
232.36
232.77
232.826
232.692
232.921
233.004
233.274
233.201
233.346
233.26
233.288
233.153
233.021
232.902
233.251
233.13
233.235
233.421
233.4
233.351
233.235
233.237
233.209
233.551
233.434
233.606
233.535
233.563
233.467
233.334
233.207
233.091
233.064
232.942
232.839
232.706
232.575
232.452
232.55
232.766
232.637
232.569
232.442
232.324
232.422
232.495
232.455
232.521
232.508
232.441
232.587
232.559
232.786
232.749
232.688
232.709
233.021
232.89
232.776
232.645
232.607
232.493
232.511
232.381
232.308
232.8
232.688
232.57
232.469
232.438
232.32
232.334
232.256
232.233
232.157
232.028
231.907
231.885
231.891
231.991
232.041
231.919
232.014
231.901
232.061
232.046
231.918
231.791
231.742
231.826
231.797
231.834
232.168
232.4
232.278
232.252
232.372
232.331
232.344
232.348
232.375
232.345
232.391
232.426
232.641
232.614
232.92
232.917
232.867
232.741
232.652
232.853
232.796
232.742
232.938
232.968
233.201
233.436
233.399
233.729
233.655
233.545
233.421
233.438
233.314
233.188
233.086
232.961
232.839
232.768
232.836
232.805
232.837
232.721
232.597
232.561
232.695
232.632
232.661
232.674
232.633
232.644
232.962
232.945
232.826
232.798
232.803
232.823
232.7
232.576
232.534
232.557
232.483
232.432
232.385
232.286
232.261
232.31
232.326
232.202
232.243
232.345
232.597
232.484
232.427
232.4
232.277
232.167
232.052
232.172
232.224
232.117
232.018
231.898
231.783
231.661
231.887
231.793
231.671
231.55
231.429
231.373
231.259
231.145
231.091
231.138
231.073
230.959
230.918
230.824
230.737
230.633
230.825
230.874
230.76
231.003
231.255
231.152
231.218
231.099
231.127
231.128
231.19
231.388
231.49
231.37
231.257
231.271
231.212
231.099
231.6
231.506
231.534
231.429
231.424
231.306
231.199
231.158
231.069
231.199
231.142
231.443
231.351
231.291
231.544
231.441
231.323
231.216
231.18
231.139
231.333
231.381
231.765
232.114
231.997
231.943
231.957
231.891
231.857
231.862
231.806
231.715
231.775
232.105
232.077
231.983
231.867
231.864
231.765
231.653
231.97
232.109
232.015
232.014
232.496
232.387
232.285
232.352
232.415
232.298
232.221
232.115
232.012
232.198
232.09
231.992
232.31
232.211
232.103
231.987
231.932
231.862
231.745
231.718
231.698
231.697
231.612
231.763
231.665
231.58
231.612
231.527
231.428
231.556
